1.080000000000000000e+02 4.000000000000000000e+00
2.160000000000000000e+02 4.000000000000000000e+00
3.240000000000000000e+02 4.000000000000000000e+00
4.320000000000000000e+02 4.000000000000000000e+00
5.400000000000000000e+02 4.000000000000000000e+00
6.480000000000000000e+02 4.000000000000000000e+00
7.560000000000000000e+02 4.000000000000000000e+00
8.640000000000000000e+02 4.000000000000000000e+00
9.720000000000000000e+02 4.000000000000000000e+00
1.080000000000000000e+03 4.000000000000000000e+00
1.188000000000000000e+03 4.000000000000000000e+00
1.296000000000000000e+03 4.000000000000000000e+00
1.404000000000000000e+03 4.000000000000000000e+00
1.512000000000000000e+03 4.000000000000000000e+00
1.620000000000000000e+03 4.000000000000000000e+00
1.728000000000000000e+03 4.000000000000000000e+00
1.836000000000000000e+03 4.000000000000000000e+00
1.944000000000000000e+03 4.000000000000000000e+00
2.052000000000000000e+03 4.000000000000000000e+00
2.160000000000000000e+03 4.000000000000000000e+00
2.376000000000000000e+03 4.000000000000000000e+00
2.484000000000000000e+03 4.000000000000000000e+00
2.592000000000000000e+03 4.000000000000000000e+00
2.700000000000000000e+03 4.000000000000000000e+00
2.808000000000000000e+03 4.000000000000000000e+00
