1.220000000000000000e+02 4.000000000000000000e+00
2.440000000000000000e+02 4.000000000000000000e+00
3.660000000000000000e+02 4.000000000000000000e+00
4.880000000000000000e+02 4.000000000000000000e+00
6.100000000000000000e+02 4.000000000000000000e+00
7.320000000000000000e+02 4.000000000000000000e+00
8.540000000000000000e+02 4.000000000000000000e+00
1.098000000000000000e+03 4.000000000000000000e+00
1.220000000000000000e+03 4.000000000000000000e+00
1.342000000000000000e+03 4.000000000000000000e+00
1.464000000000000000e+03 4.000000000000000000e+00
1.586000000000000000e+03 4.000000000000000000e+00
1.708000000000000000e+03 4.000000000000000000e+00
1.830000000000000000e+03 4.000000000000000000e+00
1.952000000000000000e+03 4.000000000000000000e+00
2.074000000000000000e+03 4.000000000000000000e+00
2.196000000000000000e+03 4.000000000000000000e+00
2.318000000000000000e+03 4.000000000000000000e+00
2.440000000000000000e+03 4.000000000000000000e+00
2.562000000000000000e+03 4.000000000000000000e+00
2.684000000000000000e+03 4.000000000000000000e+00
2.806000000000000000e+03 4.000000000000000000e+00
2.928000000000000000e+03 4.000000000000000000e+00
3.050000000000000000e+03 4.000000000000000000e+00
3.172000000000000000e+03 4.000000000000000000e+00
