6.520000000000000000e+02 1.000000000000000000e+00
6.530000000000000000e+02 1.000000000000000000e+00
6.540000000000000000e+02 1.000000000000000000e+00
6.550000000000000000e+02 1.000000000000000000e+00
6.560000000000000000e+02 1.000000000000000000e+00
6.570000000000000000e+02 1.000000000000000000e+00
6.580000000000000000e+02 1.000000000000000000e+00
6.590000000000000000e+02 1.000000000000000000e+00
6.600000000000000000e+02 1.000000000000000000e+00
6.610000000000000000e+02 1.000000000000000000e+00
6.620000000000000000e+02 1.000000000000000000e+00
6.630000000000000000e+02 1.000000000000000000e+00
6.640000000000000000e+02 1.000000000000000000e+00
6.650000000000000000e+02 1.000000000000000000e+00
6.660000000000000000e+02 1.000000000000000000e+00
6.670000000000000000e+02 1.000000000000000000e+00
6.680000000000000000e+02 1.000000000000000000e+00
6.690000000000000000e+02 1.000000000000000000e+00
6.700000000000000000e+02 1.000000000000000000e+00
6.710000000000000000e+02 1.000000000000000000e+00
6.720000000000000000e+02 1.000000000000000000e+00
6.730000000000000000e+02 1.000000000000000000e+00
6.740000000000000000e+02 1.000000000000000000e+00
6.750000000000000000e+02 1.000000000000000000e+00
6.760000000000000000e+02 1.000000000000000000e+00
6.770000000000000000e+02 1.000000000000000000e+00
6.780000000000000000e+02 1.000000000000000000e+00
6.790000000000000000e+02 1.000000000000000000e+00
6.800000000000000000e+02 1.000000000000000000e+00
6.810000000000000000e+02 1.000000000000000000e+00
6.820000000000000000e+02 1.000000000000000000e+00
6.830000000000000000e+02 1.000000000000000000e+00
6.840000000000000000e+02 1.000000000000000000e+00
6.850000000000000000e+02 1.000000000000000000e+00
6.860000000000000000e+02 1.000000000000000000e+00
6.870000000000000000e+02 1.000000000000000000e+00
6.880000000000000000e+02 1.000000000000000000e+00
6.890000000000000000e+02 1.000000000000000000e+00
6.900000000000000000e+02 1.000000000000000000e+00
6.910000000000000000e+02 1.000000000000000000e+00
6.920000000000000000e+02 1.000000000000000000e+00
6.930000000000000000e+02 1.000000000000000000e+00
6.940000000000000000e+02 1.000000000000000000e+00
6.950000000000000000e+02 1.000000000000000000e+00
6.960000000000000000e+02 1.000000000000000000e+00
6.970000000000000000e+02 1.000000000000000000e+00
6.980000000000000000e+02 1.000000000000000000e+00
6.990000000000000000e+02 1.000000000000000000e+00
7.000000000000000000e+02 1.000000000000000000e+00
7.010000000000000000e+02 1.000000000000000000e+00
7.020000000000000000e+02 1.000000000000000000e+00
7.030000000000000000e+02 1.000000000000000000e+00
7.040000000000000000e+02 1.000000000000000000e+00
7.050000000000000000e+02 1.000000000000000000e+00
7.060000000000000000e+02 1.000000000000000000e+00
7.070000000000000000e+02 1.000000000000000000e+00
7.080000000000000000e+02 1.000000000000000000e+00
7.090000000000000000e+02 1.000000000000000000e+00
7.100000000000000000e+02 1.000000000000000000e+00
7.110000000000000000e+02 1.000000000000000000e+00
7.120000000000000000e+02 1.000000000000000000e+00
7.130000000000000000e+02 1.000000000000000000e+00
7.140000000000000000e+02 1.000000000000000000e+00
7.150000000000000000e+02 1.000000000000000000e+00
7.160000000000000000e+02 1.000000000000000000e+00
7.170000000000000000e+02 1.000000000000000000e+00
7.180000000000000000e+02 1.000000000000000000e+00
7.190000000000000000e+02 1.000000000000000000e+00
7.200000000000000000e+02 1.000000000000000000e+00
7.210000000000000000e+02 1.000000000000000000e+00
7.220000000000000000e+02 1.000000000000000000e+00
7.230000000000000000e+02 1.000000000000000000e+00
7.240000000000000000e+02 1.000000000000000000e+00
7.250000000000000000e+02 1.000000000000000000e+00
7.260000000000000000e+02 1.000000000000000000e+00
7.270000000000000000e+02 1.000000000000000000e+00
7.280000000000000000e+02 1.000000000000000000e+00
7.290000000000000000e+02 1.000000000000000000e+00
7.300000000000000000e+02 1.000000000000000000e+00
7.310000000000000000e+02 1.000000000000000000e+00
7.320000000000000000e+02 4.000000000000000000e+00
7.740000000000000000e+02 1.000000000000000000e+00
7.750000000000000000e+02 1.000000000000000000e+00
7.760000000000000000e+02 1.000000000000000000e+00
7.770000000000000000e+02 1.000000000000000000e+00
7.780000000000000000e+02 1.000000000000000000e+00
7.790000000000000000e+02 1.000000000000000000e+00
7.800000000000000000e+02 1.000000000000000000e+00
7.810000000000000000e+02 1.000000000000000000e+00
7.820000000000000000e+02 1.000000000000000000e+00
7.830000000000000000e+02 1.000000000000000000e+00
7.840000000000000000e+02 1.000000000000000000e+00
7.850000000000000000e+02 1.000000000000000000e+00
7.860000000000000000e+02 1.000000000000000000e+00
7.870000000000000000e+02 1.000000000000000000e+00
7.880000000000000000e+02 1.000000000000000000e+00
7.890000000000000000e+02 1.000000000000000000e+00
7.900000000000000000e+02 1.000000000000000000e+00
7.910000000000000000e+02 1.000000000000000000e+00
7.920000000000000000e+02 1.000000000000000000e+00
7.930000000000000000e+02 1.000000000000000000e+00
7.940000000000000000e+02 1.000000000000000000e+00
7.950000000000000000e+02 1.000000000000000000e+00
7.960000000000000000e+02 1.000000000000000000e+00
7.970000000000000000e+02 1.000000000000000000e+00
7.980000000000000000e+02 1.000000000000000000e+00
7.990000000000000000e+02 1.000000000000000000e+00
8.000000000000000000e+02 1.000000000000000000e+00
8.010000000000000000e+02 1.000000000000000000e+00
8.020000000000000000e+02 1.000000000000000000e+00
8.030000000000000000e+02 1.000000000000000000e+00
8.040000000000000000e+02 1.000000000000000000e+00
8.050000000000000000e+02 1.000000000000000000e+00
8.060000000000000000e+02 1.000000000000000000e+00
8.070000000000000000e+02 1.000000000000000000e+00
8.080000000000000000e+02 1.000000000000000000e+00
8.090000000000000000e+02 1.000000000000000000e+00
8.100000000000000000e+02 1.000000000000000000e+00
8.110000000000000000e+02 1.000000000000000000e+00
8.120000000000000000e+02 1.000000000000000000e+00
8.130000000000000000e+02 1.000000000000000000e+00
8.140000000000000000e+02 1.000000000000000000e+00
8.150000000000000000e+02 1.000000000000000000e+00
8.160000000000000000e+02 1.000000000000000000e+00
8.170000000000000000e+02 1.000000000000000000e+00
8.180000000000000000e+02 1.000000000000000000e+00
8.190000000000000000e+02 1.000000000000000000e+00
8.200000000000000000e+02 1.000000000000000000e+00
8.210000000000000000e+02 1.000000000000000000e+00
8.220000000000000000e+02 1.000000000000000000e+00
8.230000000000000000e+02 1.000000000000000000e+00
8.240000000000000000e+02 1.000000000000000000e+00
8.250000000000000000e+02 1.000000000000000000e+00
8.260000000000000000e+02 1.000000000000000000e+00
8.270000000000000000e+02 1.000000000000000000e+00
8.280000000000000000e+02 1.000000000000000000e+00
8.290000000000000000e+02 1.000000000000000000e+00
8.300000000000000000e+02 1.000000000000000000e+00
8.310000000000000000e+02 1.000000000000000000e+00
8.320000000000000000e+02 1.000000000000000000e+00
8.330000000000000000e+02 1.000000000000000000e+00
8.340000000000000000e+02 1.000000000000000000e+00
8.350000000000000000e+02 1.000000000000000000e+00
8.360000000000000000e+02 1.000000000000000000e+00
8.370000000000000000e+02 1.000000000000000000e+00
8.380000000000000000e+02 1.000000000000000000e+00
8.390000000000000000e+02 1.000000000000000000e+00
8.400000000000000000e+02 1.000000000000000000e+00
8.410000000000000000e+02 1.000000000000000000e+00
8.420000000000000000e+02 1.000000000000000000e+00
8.430000000000000000e+02 1.000000000000000000e+00
8.440000000000000000e+02 1.000000000000000000e+00
8.450000000000000000e+02 1.000000000000000000e+00
8.460000000000000000e+02 1.000000000000000000e+00
8.470000000000000000e+02 1.000000000000000000e+00
8.480000000000000000e+02 1.000000000000000000e+00
8.490000000000000000e+02 1.000000000000000000e+00
8.500000000000000000e+02 1.000000000000000000e+00
8.510000000000000000e+02 1.000000000000000000e+00
8.520000000000000000e+02 1.000000000000000000e+00
8.530000000000000000e+02 1.000000000000000000e+00
8.540000000000000000e+02 4.000000000000000000e+00
8.960000000000000000e+02 1.000000000000000000e+00
8.970000000000000000e+02 1.000000000000000000e+00
8.980000000000000000e+02 1.000000000000000000e+00
8.990000000000000000e+02 1.000000000000000000e+00
9.000000000000000000e+02 1.000000000000000000e+00
9.010000000000000000e+02 1.000000000000000000e+00
9.020000000000000000e+02 1.000000000000000000e+00
9.030000000000000000e+02 1.000000000000000000e+00
9.040000000000000000e+02 1.000000000000000000e+00
9.050000000000000000e+02 1.000000000000000000e+00
9.060000000000000000e+02 1.000000000000000000e+00
9.070000000000000000e+02 1.000000000000000000e+00
9.080000000000000000e+02 1.000000000000000000e+00
9.090000000000000000e+02 1.000000000000000000e+00
9.100000000000000000e+02 1.000000000000000000e+00
9.110000000000000000e+02 1.000000000000000000e+00
9.120000000000000000e+02 1.000000000000000000e+00
9.130000000000000000e+02 1.000000000000000000e+00
9.140000000000000000e+02 1.000000000000000000e+00
9.150000000000000000e+02 1.000000000000000000e+00
9.160000000000000000e+02 1.000000000000000000e+00
9.170000000000000000e+02 1.000000000000000000e+00
9.180000000000000000e+02 1.000000000000000000e+00
9.190000000000000000e+02 1.000000000000000000e+00
9.200000000000000000e+02 1.000000000000000000e+00
9.210000000000000000e+02 1.000000000000000000e+00
9.220000000000000000e+02 1.000000000000000000e+00
9.230000000000000000e+02 1.000000000000000000e+00
9.240000000000000000e+02 1.000000000000000000e+00
9.250000000000000000e+02 1.000000000000000000e+00
9.260000000000000000e+02 1.000000000000000000e+00
9.270000000000000000e+02 1.000000000000000000e+00
9.280000000000000000e+02 1.000000000000000000e+00
9.290000000000000000e+02 1.000000000000000000e+00
9.300000000000000000e+02 1.000000000000000000e+00
9.310000000000000000e+02 1.000000000000000000e+00
9.320000000000000000e+02 1.000000000000000000e+00
9.330000000000000000e+02 1.000000000000000000e+00
9.340000000000000000e+02 1.000000000000000000e+00
9.350000000000000000e+02 1.000000000000000000e+00
9.360000000000000000e+02 1.000000000000000000e+00
9.370000000000000000e+02 1.000000000000000000e+00
9.380000000000000000e+02 1.000000000000000000e+00
9.390000000000000000e+02 1.000000000000000000e+00
9.400000000000000000e+02 1.000000000000000000e+00
9.410000000000000000e+02 1.000000000000000000e+00
9.420000000000000000e+02 1.000000000000000000e+00
9.430000000000000000e+02 1.000000000000000000e+00
9.440000000000000000e+02 1.000000000000000000e+00
9.450000000000000000e+02 1.000000000000000000e+00
9.460000000000000000e+02 1.000000000000000000e+00
9.470000000000000000e+02 1.000000000000000000e+00
9.480000000000000000e+02 1.000000000000000000e+00
9.490000000000000000e+02 1.000000000000000000e+00
9.500000000000000000e+02 1.000000000000000000e+00
9.510000000000000000e+02 1.000000000000000000e+00
9.520000000000000000e+02 1.000000000000000000e+00
9.530000000000000000e+02 1.000000000000000000e+00
9.540000000000000000e+02 1.000000000000000000e+00
9.550000000000000000e+02 1.000000000000000000e+00
9.560000000000000000e+02 1.000000000000000000e+00
9.570000000000000000e+02 1.000000000000000000e+00
9.580000000000000000e+02 1.000000000000000000e+00
9.590000000000000000e+02 1.000000000000000000e+00
9.600000000000000000e+02 1.000000000000000000e+00
9.610000000000000000e+02 1.000000000000000000e+00
9.620000000000000000e+02 1.000000000000000000e+00
9.630000000000000000e+02 1.000000000000000000e+00
9.640000000000000000e+02 1.000000000000000000e+00
9.650000000000000000e+02 1.000000000000000000e+00
9.660000000000000000e+02 1.000000000000000000e+00
9.670000000000000000e+02 1.000000000000000000e+00
9.680000000000000000e+02 1.000000000000000000e+00
9.690000000000000000e+02 1.000000000000000000e+00
9.700000000000000000e+02 1.000000000000000000e+00
9.710000000000000000e+02 1.000000000000000000e+00
9.720000000000000000e+02 1.000000000000000000e+00
9.730000000000000000e+02 1.000000000000000000e+00
9.740000000000000000e+02 1.000000000000000000e+00
9.750000000000000000e+02 1.000000000000000000e+00
9.760000000000000000e+02 6.000000000000000000e+00
1.018000000000000000e+03 1.000000000000000000e+00
1.019000000000000000e+03 1.000000000000000000e+00
1.020000000000000000e+03 1.000000000000000000e+00
1.021000000000000000e+03 1.000000000000000000e+00
1.022000000000000000e+03 1.000000000000000000e+00
1.023000000000000000e+03 1.000000000000000000e+00
1.024000000000000000e+03 1.000000000000000000e+00
1.025000000000000000e+03 1.000000000000000000e+00
1.026000000000000000e+03 1.000000000000000000e+00
1.027000000000000000e+03 1.000000000000000000e+00
1.028000000000000000e+03 1.000000000000000000e+00
1.029000000000000000e+03 1.000000000000000000e+00
1.030000000000000000e+03 1.000000000000000000e+00
1.031000000000000000e+03 1.000000000000000000e+00
1.032000000000000000e+03 1.000000000000000000e+00
1.033000000000000000e+03 1.000000000000000000e+00
1.034000000000000000e+03 1.000000000000000000e+00
1.035000000000000000e+03 1.000000000000000000e+00
1.036000000000000000e+03 1.000000000000000000e+00
1.037000000000000000e+03 1.000000000000000000e+00
1.038000000000000000e+03 1.000000000000000000e+00
1.039000000000000000e+03 1.000000000000000000e+00
1.040000000000000000e+03 1.000000000000000000e+00
1.041000000000000000e+03 1.000000000000000000e+00
1.042000000000000000e+03 1.000000000000000000e+00
1.043000000000000000e+03 1.000000000000000000e+00
1.044000000000000000e+03 1.000000000000000000e+00
1.045000000000000000e+03 1.000000000000000000e+00
1.046000000000000000e+03 1.000000000000000000e+00
1.047000000000000000e+03 1.000000000000000000e+00
1.048000000000000000e+03 1.000000000000000000e+00
1.049000000000000000e+03 1.000000000000000000e+00
1.050000000000000000e+03 1.000000000000000000e+00
1.051000000000000000e+03 1.000000000000000000e+00
1.052000000000000000e+03 1.000000000000000000e+00
1.053000000000000000e+03 1.000000000000000000e+00
1.054000000000000000e+03 1.000000000000000000e+00
1.055000000000000000e+03 1.000000000000000000e+00
1.056000000000000000e+03 1.000000000000000000e+00
1.057000000000000000e+03 1.000000000000000000e+00
1.058000000000000000e+03 1.000000000000000000e+00
1.059000000000000000e+03 1.000000000000000000e+00
1.060000000000000000e+03 1.000000000000000000e+00
1.061000000000000000e+03 1.000000000000000000e+00
1.062000000000000000e+03 1.000000000000000000e+00
1.063000000000000000e+03 1.000000000000000000e+00
1.064000000000000000e+03 1.000000000000000000e+00
1.065000000000000000e+03 1.000000000000000000e+00
1.066000000000000000e+03 1.000000000000000000e+00
1.067000000000000000e+03 1.000000000000000000e+00
1.068000000000000000e+03 1.000000000000000000e+00
1.069000000000000000e+03 1.000000000000000000e+00
1.070000000000000000e+03 1.000000000000000000e+00
1.071000000000000000e+03 1.000000000000000000e+00
1.072000000000000000e+03 1.000000000000000000e+00
1.073000000000000000e+03 1.000000000000000000e+00
1.074000000000000000e+03 1.000000000000000000e+00
1.075000000000000000e+03 1.000000000000000000e+00
1.076000000000000000e+03 1.000000000000000000e+00
1.077000000000000000e+03 1.000000000000000000e+00
1.078000000000000000e+03 1.000000000000000000e+00
1.079000000000000000e+03 1.000000000000000000e+00
1.080000000000000000e+03 1.000000000000000000e+00
1.081000000000000000e+03 1.000000000000000000e+00
1.082000000000000000e+03 1.000000000000000000e+00
1.083000000000000000e+03 1.000000000000000000e+00
1.084000000000000000e+03 1.000000000000000000e+00
1.085000000000000000e+03 1.000000000000000000e+00
1.086000000000000000e+03 1.000000000000000000e+00
1.087000000000000000e+03 1.000000000000000000e+00
1.088000000000000000e+03 1.000000000000000000e+00
1.089000000000000000e+03 1.000000000000000000e+00
1.090000000000000000e+03 1.000000000000000000e+00
1.091000000000000000e+03 1.000000000000000000e+00
1.092000000000000000e+03 6.000000000000000000e+00
1.093000000000000000e+03 6.000000000000000000e+00
1.094000000000000000e+03 1.000000000000000000e+00
1.095000000000000000e+03 1.000000000000000000e+00
1.096000000000000000e+03 6.000000000000000000e+00
1.097000000000000000e+03 6.000000000000000000e+00
1.140000000000000000e+03 1.000000000000000000e+00
1.141000000000000000e+03 1.000000000000000000e+00
1.142000000000000000e+03 1.000000000000000000e+00
1.143000000000000000e+03 1.000000000000000000e+00
1.144000000000000000e+03 1.000000000000000000e+00
1.145000000000000000e+03 1.000000000000000000e+00
1.146000000000000000e+03 1.000000000000000000e+00
1.147000000000000000e+03 1.000000000000000000e+00
1.148000000000000000e+03 1.000000000000000000e+00
1.149000000000000000e+03 1.000000000000000000e+00
1.150000000000000000e+03 1.000000000000000000e+00
1.151000000000000000e+03 1.000000000000000000e+00
1.152000000000000000e+03 1.000000000000000000e+00
1.153000000000000000e+03 1.000000000000000000e+00
1.154000000000000000e+03 1.000000000000000000e+00
1.155000000000000000e+03 1.000000000000000000e+00
1.156000000000000000e+03 1.000000000000000000e+00
1.157000000000000000e+03 1.000000000000000000e+00
1.158000000000000000e+03 1.000000000000000000e+00
1.159000000000000000e+03 1.000000000000000000e+00
1.160000000000000000e+03 1.000000000000000000e+00
1.161000000000000000e+03 1.000000000000000000e+00
1.162000000000000000e+03 1.000000000000000000e+00
1.163000000000000000e+03 1.000000000000000000e+00
1.164000000000000000e+03 1.000000000000000000e+00
1.165000000000000000e+03 1.000000000000000000e+00
1.166000000000000000e+03 1.000000000000000000e+00
1.167000000000000000e+03 1.000000000000000000e+00
1.168000000000000000e+03 1.000000000000000000e+00
1.169000000000000000e+03 1.000000000000000000e+00
1.170000000000000000e+03 1.000000000000000000e+00
1.171000000000000000e+03 1.000000000000000000e+00
1.172000000000000000e+03 1.000000000000000000e+00
1.173000000000000000e+03 1.000000000000000000e+00
1.174000000000000000e+03 1.000000000000000000e+00
1.175000000000000000e+03 1.000000000000000000e+00
1.176000000000000000e+03 1.000000000000000000e+00
1.177000000000000000e+03 1.000000000000000000e+00
1.178000000000000000e+03 1.000000000000000000e+00
1.179000000000000000e+03 1.000000000000000000e+00
1.180000000000000000e+03 1.000000000000000000e+00
1.181000000000000000e+03 1.000000000000000000e+00
1.182000000000000000e+03 1.000000000000000000e+00
1.183000000000000000e+03 1.000000000000000000e+00
1.184000000000000000e+03 1.000000000000000000e+00
1.185000000000000000e+03 1.000000000000000000e+00
1.186000000000000000e+03 1.000000000000000000e+00
1.187000000000000000e+03 1.000000000000000000e+00
1.188000000000000000e+03 1.000000000000000000e+00
1.189000000000000000e+03 1.000000000000000000e+00
1.190000000000000000e+03 1.000000000000000000e+00
1.191000000000000000e+03 1.000000000000000000e+00
1.192000000000000000e+03 1.000000000000000000e+00
1.193000000000000000e+03 1.000000000000000000e+00
1.194000000000000000e+03 1.000000000000000000e+00
1.195000000000000000e+03 1.000000000000000000e+00
1.196000000000000000e+03 1.000000000000000000e+00
1.197000000000000000e+03 1.000000000000000000e+00
1.198000000000000000e+03 1.000000000000000000e+00
1.199000000000000000e+03 1.000000000000000000e+00
1.200000000000000000e+03 1.000000000000000000e+00
1.201000000000000000e+03 1.000000000000000000e+00
1.202000000000000000e+03 1.000000000000000000e+00
1.203000000000000000e+03 1.000000000000000000e+00
1.204000000000000000e+03 1.000000000000000000e+00
1.205000000000000000e+03 1.000000000000000000e+00
1.206000000000000000e+03 1.000000000000000000e+00
1.207000000000000000e+03 1.000000000000000000e+00
1.208000000000000000e+03 1.000000000000000000e+00
1.209000000000000000e+03 1.000000000000000000e+00
1.210000000000000000e+03 1.000000000000000000e+00
1.211000000000000000e+03 6.000000000000000000e+00
1.212000000000000000e+03 6.000000000000000000e+00
1.213000000000000000e+03 6.000000000000000000e+00
1.216000000000000000e+03 6.000000000000000000e+00
1.217000000000000000e+03 6.000000000000000000e+00
1.262000000000000000e+03 1.000000000000000000e+00
1.263000000000000000e+03 1.000000000000000000e+00
1.264000000000000000e+03 1.000000000000000000e+00
1.265000000000000000e+03 1.000000000000000000e+00
1.266000000000000000e+03 1.000000000000000000e+00
1.267000000000000000e+03 1.000000000000000000e+00
1.268000000000000000e+03 1.000000000000000000e+00
1.269000000000000000e+03 1.000000000000000000e+00
1.270000000000000000e+03 1.000000000000000000e+00
1.271000000000000000e+03 1.000000000000000000e+00
1.272000000000000000e+03 1.000000000000000000e+00
1.273000000000000000e+03 1.000000000000000000e+00
1.274000000000000000e+03 1.000000000000000000e+00
1.275000000000000000e+03 1.000000000000000000e+00
1.276000000000000000e+03 1.000000000000000000e+00
1.277000000000000000e+03 1.000000000000000000e+00
1.278000000000000000e+03 1.000000000000000000e+00
1.279000000000000000e+03 1.000000000000000000e+00
1.280000000000000000e+03 1.000000000000000000e+00
1.281000000000000000e+03 1.000000000000000000e+00
1.282000000000000000e+03 1.000000000000000000e+00
1.283000000000000000e+03 1.000000000000000000e+00
1.284000000000000000e+03 1.000000000000000000e+00
1.285000000000000000e+03 1.000000000000000000e+00
1.286000000000000000e+03 1.000000000000000000e+00
1.287000000000000000e+03 1.000000000000000000e+00
1.288000000000000000e+03 1.000000000000000000e+00
1.289000000000000000e+03 1.000000000000000000e+00
1.290000000000000000e+03 1.000000000000000000e+00
1.291000000000000000e+03 1.000000000000000000e+00
1.292000000000000000e+03 1.000000000000000000e+00
1.293000000000000000e+03 1.000000000000000000e+00
1.294000000000000000e+03 1.000000000000000000e+00
1.295000000000000000e+03 1.000000000000000000e+00
1.296000000000000000e+03 1.000000000000000000e+00
1.297000000000000000e+03 1.000000000000000000e+00
1.298000000000000000e+03 1.000000000000000000e+00
1.299000000000000000e+03 1.000000000000000000e+00
1.300000000000000000e+03 1.000000000000000000e+00
1.301000000000000000e+03 1.000000000000000000e+00
1.302000000000000000e+03 1.000000000000000000e+00
1.303000000000000000e+03 1.000000000000000000e+00
1.304000000000000000e+03 1.000000000000000000e+00
1.305000000000000000e+03 1.000000000000000000e+00
1.306000000000000000e+03 1.000000000000000000e+00
1.307000000000000000e+03 1.000000000000000000e+00
1.308000000000000000e+03 1.000000000000000000e+00
1.309000000000000000e+03 1.000000000000000000e+00
1.310000000000000000e+03 1.000000000000000000e+00
1.311000000000000000e+03 1.000000000000000000e+00
1.312000000000000000e+03 1.000000000000000000e+00
1.313000000000000000e+03 1.000000000000000000e+00
1.314000000000000000e+03 1.000000000000000000e+00
1.315000000000000000e+03 1.000000000000000000e+00
1.316000000000000000e+03 1.000000000000000000e+00
1.317000000000000000e+03 1.000000000000000000e+00
1.318000000000000000e+03 1.000000000000000000e+00
1.319000000000000000e+03 1.000000000000000000e+00
1.320000000000000000e+03 6.000000000000000000e+00
1.321000000000000000e+03 6.000000000000000000e+00
1.322000000000000000e+03 6.000000000000000000e+00
1.323000000000000000e+03 6.000000000000000000e+00
1.324000000000000000e+03 6.000000000000000000e+00
1.325000000000000000e+03 1.000000000000000000e+00
1.326000000000000000e+03 1.000000000000000000e+00
1.327000000000000000e+03 1.000000000000000000e+00
1.328000000000000000e+03 1.000000000000000000e+00
1.329000000000000000e+03 1.000000000000000000e+00
1.330000000000000000e+03 1.000000000000000000e+00
1.331000000000000000e+03 1.000000000000000000e+00
1.332000000000000000e+03 6.000000000000000000e+00
1.384000000000000000e+03 1.000000000000000000e+00
1.385000000000000000e+03 1.000000000000000000e+00
1.386000000000000000e+03 1.000000000000000000e+00
1.387000000000000000e+03 1.000000000000000000e+00
1.388000000000000000e+03 1.000000000000000000e+00
1.389000000000000000e+03 1.000000000000000000e+00
1.390000000000000000e+03 1.000000000000000000e+00
1.391000000000000000e+03 1.000000000000000000e+00
1.392000000000000000e+03 1.000000000000000000e+00
1.393000000000000000e+03 1.000000000000000000e+00
1.394000000000000000e+03 1.000000000000000000e+00
1.395000000000000000e+03 1.000000000000000000e+00
1.396000000000000000e+03 1.000000000000000000e+00
1.397000000000000000e+03 1.000000000000000000e+00
1.398000000000000000e+03 1.000000000000000000e+00
1.399000000000000000e+03 1.000000000000000000e+00
1.400000000000000000e+03 1.000000000000000000e+00
1.401000000000000000e+03 1.000000000000000000e+00
1.402000000000000000e+03 1.000000000000000000e+00
1.403000000000000000e+03 1.000000000000000000e+00
1.404000000000000000e+03 1.000000000000000000e+00
1.405000000000000000e+03 1.000000000000000000e+00
1.406000000000000000e+03 1.000000000000000000e+00
1.407000000000000000e+03 1.000000000000000000e+00
1.408000000000000000e+03 1.000000000000000000e+00
1.409000000000000000e+03 1.000000000000000000e+00
1.410000000000000000e+03 1.000000000000000000e+00
1.411000000000000000e+03 1.000000000000000000e+00
1.412000000000000000e+03 1.000000000000000000e+00
1.413000000000000000e+03 1.000000000000000000e+00
1.414000000000000000e+03 1.000000000000000000e+00
1.415000000000000000e+03 1.000000000000000000e+00
1.416000000000000000e+03 1.000000000000000000e+00
1.417000000000000000e+03 1.000000000000000000e+00
1.418000000000000000e+03 1.000000000000000000e+00
1.419000000000000000e+03 1.000000000000000000e+00
1.420000000000000000e+03 1.000000000000000000e+00
1.421000000000000000e+03 1.000000000000000000e+00
1.422000000000000000e+03 1.000000000000000000e+00
1.423000000000000000e+03 1.000000000000000000e+00
1.424000000000000000e+03 1.000000000000000000e+00
1.425000000000000000e+03 1.000000000000000000e+00
1.426000000000000000e+03 1.000000000000000000e+00
1.427000000000000000e+03 1.000000000000000000e+00
1.428000000000000000e+03 1.000000000000000000e+00
1.429000000000000000e+03 1.000000000000000000e+00
1.430000000000000000e+03 1.000000000000000000e+00
1.431000000000000000e+03 1.000000000000000000e+00
1.432000000000000000e+03 1.000000000000000000e+00
1.433000000000000000e+03 1.000000000000000000e+00
1.434000000000000000e+03 1.000000000000000000e+00
1.435000000000000000e+03 1.000000000000000000e+00
1.436000000000000000e+03 1.000000000000000000e+00
1.437000000000000000e+03 1.000000000000000000e+00
1.438000000000000000e+03 1.000000000000000000e+00
1.439000000000000000e+03 1.000000000000000000e+00
1.440000000000000000e+03 1.000000000000000000e+00
1.441000000000000000e+03 6.000000000000000000e+00
1.447000000000000000e+03 1.000000000000000000e+00
1.448000000000000000e+03 1.000000000000000000e+00
1.449000000000000000e+03 1.000000000000000000e+00
1.450000000000000000e+03 1.000000000000000000e+00
1.451000000000000000e+03 1.000000000000000000e+00
1.452000000000000000e+03 1.000000000000000000e+00
1.453000000000000000e+03 1.000000000000000000e+00
1.506000000000000000e+03 1.000000000000000000e+00
1.507000000000000000e+03 1.000000000000000000e+00
1.508000000000000000e+03 1.000000000000000000e+00
1.509000000000000000e+03 1.000000000000000000e+00
1.510000000000000000e+03 1.000000000000000000e+00
1.511000000000000000e+03 1.000000000000000000e+00
1.512000000000000000e+03 1.000000000000000000e+00
1.513000000000000000e+03 1.000000000000000000e+00
1.514000000000000000e+03 1.000000000000000000e+00
1.515000000000000000e+03 1.000000000000000000e+00
1.516000000000000000e+03 1.000000000000000000e+00
1.517000000000000000e+03 1.000000000000000000e+00
1.518000000000000000e+03 1.000000000000000000e+00
1.519000000000000000e+03 1.000000000000000000e+00
1.520000000000000000e+03 1.000000000000000000e+00
1.521000000000000000e+03 1.000000000000000000e+00
1.522000000000000000e+03 1.000000000000000000e+00
1.523000000000000000e+03 1.000000000000000000e+00
1.524000000000000000e+03 1.000000000000000000e+00
1.525000000000000000e+03 1.000000000000000000e+00
1.526000000000000000e+03 1.000000000000000000e+00
1.527000000000000000e+03 1.000000000000000000e+00
1.528000000000000000e+03 1.000000000000000000e+00
1.529000000000000000e+03 1.000000000000000000e+00
1.530000000000000000e+03 1.000000000000000000e+00
1.531000000000000000e+03 1.000000000000000000e+00
1.532000000000000000e+03 1.000000000000000000e+00
1.533000000000000000e+03 1.000000000000000000e+00
1.534000000000000000e+03 1.000000000000000000e+00
1.535000000000000000e+03 1.000000000000000000e+00
1.536000000000000000e+03 1.000000000000000000e+00
1.537000000000000000e+03 1.000000000000000000e+00
1.538000000000000000e+03 1.000000000000000000e+00
1.539000000000000000e+03 1.000000000000000000e+00
1.540000000000000000e+03 1.000000000000000000e+00
1.541000000000000000e+03 1.000000000000000000e+00
1.542000000000000000e+03 1.000000000000000000e+00
1.543000000000000000e+03 1.000000000000000000e+00
1.544000000000000000e+03 1.000000000000000000e+00
1.545000000000000000e+03 1.000000000000000000e+00
1.546000000000000000e+03 1.000000000000000000e+00
1.547000000000000000e+03 1.000000000000000000e+00
1.548000000000000000e+03 1.000000000000000000e+00
1.549000000000000000e+03 1.000000000000000000e+00
1.550000000000000000e+03 1.000000000000000000e+00
1.551000000000000000e+03 1.000000000000000000e+00
1.552000000000000000e+03 1.000000000000000000e+00
1.553000000000000000e+03 1.000000000000000000e+00
1.554000000000000000e+03 1.000000000000000000e+00
1.555000000000000000e+03 1.000000000000000000e+00
1.556000000000000000e+03 1.000000000000000000e+00
1.557000000000000000e+03 1.000000000000000000e+00
1.558000000000000000e+03 1.000000000000000000e+00
1.559000000000000000e+03 1.000000000000000000e+00
1.560000000000000000e+03 1.000000000000000000e+00
1.561000000000000000e+03 1.000000000000000000e+00
1.562000000000000000e+03 6.000000000000000000e+00
1.569000000000000000e+03 6.000000000000000000e+00
1.570000000000000000e+03 1.000000000000000000e+00
1.571000000000000000e+03 1.000000000000000000e+00
1.572000000000000000e+03 1.000000000000000000e+00
1.573000000000000000e+03 1.000000000000000000e+00
1.574000000000000000e+03 1.000000000000000000e+00
1.575000000000000000e+03 1.000000000000000000e+00
1.628000000000000000e+03 1.000000000000000000e+00
1.629000000000000000e+03 1.000000000000000000e+00
1.630000000000000000e+03 1.000000000000000000e+00
1.631000000000000000e+03 1.000000000000000000e+00
1.632000000000000000e+03 1.000000000000000000e+00
1.633000000000000000e+03 1.000000000000000000e+00
1.634000000000000000e+03 1.000000000000000000e+00
1.635000000000000000e+03 1.000000000000000000e+00
1.636000000000000000e+03 1.000000000000000000e+00
1.637000000000000000e+03 1.000000000000000000e+00
1.638000000000000000e+03 1.000000000000000000e+00
1.639000000000000000e+03 1.000000000000000000e+00
1.640000000000000000e+03 1.000000000000000000e+00
1.641000000000000000e+03 1.000000000000000000e+00
1.642000000000000000e+03 1.000000000000000000e+00
1.643000000000000000e+03 1.000000000000000000e+00
1.644000000000000000e+03 1.000000000000000000e+00
1.645000000000000000e+03 1.000000000000000000e+00
1.646000000000000000e+03 1.000000000000000000e+00
1.647000000000000000e+03 1.000000000000000000e+00
1.648000000000000000e+03 1.000000000000000000e+00
1.649000000000000000e+03 1.000000000000000000e+00
1.650000000000000000e+03 1.000000000000000000e+00
1.651000000000000000e+03 1.000000000000000000e+00
1.652000000000000000e+03 1.000000000000000000e+00
1.653000000000000000e+03 1.000000000000000000e+00
1.654000000000000000e+03 1.000000000000000000e+00
1.655000000000000000e+03 1.000000000000000000e+00
1.656000000000000000e+03 1.000000000000000000e+00
1.657000000000000000e+03 1.000000000000000000e+00
1.658000000000000000e+03 1.000000000000000000e+00
1.659000000000000000e+03 1.000000000000000000e+00
1.660000000000000000e+03 1.000000000000000000e+00
1.661000000000000000e+03 1.000000000000000000e+00
1.662000000000000000e+03 1.000000000000000000e+00
1.663000000000000000e+03 1.000000000000000000e+00
1.664000000000000000e+03 1.000000000000000000e+00
1.665000000000000000e+03 1.000000000000000000e+00
1.666000000000000000e+03 1.000000000000000000e+00
1.667000000000000000e+03 1.000000000000000000e+00
1.668000000000000000e+03 1.000000000000000000e+00
1.669000000000000000e+03 1.000000000000000000e+00
1.670000000000000000e+03 1.000000000000000000e+00
1.671000000000000000e+03 1.000000000000000000e+00
1.672000000000000000e+03 1.000000000000000000e+00
1.673000000000000000e+03 1.000000000000000000e+00
1.674000000000000000e+03 1.000000000000000000e+00
1.675000000000000000e+03 1.000000000000000000e+00
1.676000000000000000e+03 1.000000000000000000e+00
1.677000000000000000e+03 1.000000000000000000e+00
1.678000000000000000e+03 1.000000000000000000e+00
1.679000000000000000e+03 1.000000000000000000e+00
1.680000000000000000e+03 1.000000000000000000e+00
1.681000000000000000e+03 1.000000000000000000e+00
1.682000000000000000e+03 1.000000000000000000e+00
1.683000000000000000e+03 6.000000000000000000e+00
1.692000000000000000e+03 1.000000000000000000e+00
1.693000000000000000e+03 1.000000000000000000e+00
1.694000000000000000e+03 1.000000000000000000e+00
1.695000000000000000e+03 1.000000000000000000e+00
1.696000000000000000e+03 1.000000000000000000e+00
1.697000000000000000e+03 6.000000000000000000e+00
1.750000000000000000e+03 1.000000000000000000e+00
1.751000000000000000e+03 1.000000000000000000e+00
1.752000000000000000e+03 1.000000000000000000e+00
1.753000000000000000e+03 1.000000000000000000e+00
1.754000000000000000e+03 1.000000000000000000e+00
1.755000000000000000e+03 1.000000000000000000e+00
1.756000000000000000e+03 1.000000000000000000e+00
1.757000000000000000e+03 1.000000000000000000e+00
1.758000000000000000e+03 1.000000000000000000e+00
1.759000000000000000e+03 1.000000000000000000e+00
1.760000000000000000e+03 1.000000000000000000e+00
1.761000000000000000e+03 1.000000000000000000e+00
1.762000000000000000e+03 1.000000000000000000e+00
1.763000000000000000e+03 1.000000000000000000e+00
1.764000000000000000e+03 1.000000000000000000e+00
1.765000000000000000e+03 1.000000000000000000e+00
1.766000000000000000e+03 1.000000000000000000e+00
1.767000000000000000e+03 1.000000000000000000e+00
1.768000000000000000e+03 1.000000000000000000e+00
1.769000000000000000e+03 1.000000000000000000e+00
1.770000000000000000e+03 1.000000000000000000e+00
1.771000000000000000e+03 1.000000000000000000e+00
1.772000000000000000e+03 1.000000000000000000e+00
1.773000000000000000e+03 1.000000000000000000e+00
1.774000000000000000e+03 1.000000000000000000e+00
1.775000000000000000e+03 1.000000000000000000e+00
1.776000000000000000e+03 1.000000000000000000e+00
1.777000000000000000e+03 1.000000000000000000e+00
1.778000000000000000e+03 1.000000000000000000e+00
1.779000000000000000e+03 1.000000000000000000e+00
1.780000000000000000e+03 1.000000000000000000e+00
1.781000000000000000e+03 1.000000000000000000e+00
1.782000000000000000e+03 1.000000000000000000e+00
1.783000000000000000e+03 1.000000000000000000e+00
1.784000000000000000e+03 1.000000000000000000e+00
1.785000000000000000e+03 1.000000000000000000e+00
1.786000000000000000e+03 1.000000000000000000e+00
1.787000000000000000e+03 1.000000000000000000e+00
1.788000000000000000e+03 1.000000000000000000e+00
1.789000000000000000e+03 1.000000000000000000e+00
1.790000000000000000e+03 1.000000000000000000e+00
1.791000000000000000e+03 1.000000000000000000e+00
1.792000000000000000e+03 1.000000000000000000e+00
1.793000000000000000e+03 1.000000000000000000e+00
1.794000000000000000e+03 1.000000000000000000e+00
1.795000000000000000e+03 1.000000000000000000e+00
1.796000000000000000e+03 1.000000000000000000e+00
1.797000000000000000e+03 1.000000000000000000e+00
1.798000000000000000e+03 1.000000000000000000e+00
1.799000000000000000e+03 1.000000000000000000e+00
1.800000000000000000e+03 1.000000000000000000e+00
1.801000000000000000e+03 1.000000000000000000e+00
1.802000000000000000e+03 1.000000000000000000e+00
1.803000000000000000e+03 1.000000000000000000e+00
1.804000000000000000e+03 1.000000000000000000e+00
1.814000000000000000e+03 1.000000000000000000e+00
1.815000000000000000e+03 1.000000000000000000e+00
1.816000000000000000e+03 1.000000000000000000e+00
1.817000000000000000e+03 1.000000000000000000e+00
1.818000000000000000e+03 6.000000000000000000e+00
1.872000000000000000e+03 1.000000000000000000e+00
1.873000000000000000e+03 1.000000000000000000e+00
1.874000000000000000e+03 1.000000000000000000e+00
1.875000000000000000e+03 1.000000000000000000e+00
1.876000000000000000e+03 1.000000000000000000e+00
1.877000000000000000e+03 1.000000000000000000e+00
1.878000000000000000e+03 1.000000000000000000e+00
1.879000000000000000e+03 1.000000000000000000e+00
1.880000000000000000e+03 1.000000000000000000e+00
1.881000000000000000e+03 1.000000000000000000e+00
1.882000000000000000e+03 1.000000000000000000e+00
1.883000000000000000e+03 1.000000000000000000e+00
1.884000000000000000e+03 1.000000000000000000e+00
1.885000000000000000e+03 1.000000000000000000e+00
1.886000000000000000e+03 1.000000000000000000e+00
1.887000000000000000e+03 1.000000000000000000e+00
1.888000000000000000e+03 1.000000000000000000e+00
1.889000000000000000e+03 1.000000000000000000e+00
1.890000000000000000e+03 1.000000000000000000e+00
1.891000000000000000e+03 1.000000000000000000e+00
1.892000000000000000e+03 1.000000000000000000e+00
1.893000000000000000e+03 1.000000000000000000e+00
1.894000000000000000e+03 1.000000000000000000e+00
1.895000000000000000e+03 1.000000000000000000e+00
1.896000000000000000e+03 1.000000000000000000e+00
1.897000000000000000e+03 1.000000000000000000e+00
1.898000000000000000e+03 1.000000000000000000e+00
1.899000000000000000e+03 1.000000000000000000e+00
1.900000000000000000e+03 1.000000000000000000e+00
1.901000000000000000e+03 1.000000000000000000e+00
1.902000000000000000e+03 1.000000000000000000e+00
1.903000000000000000e+03 1.000000000000000000e+00
1.904000000000000000e+03 1.000000000000000000e+00
1.905000000000000000e+03 1.000000000000000000e+00
1.906000000000000000e+03 1.000000000000000000e+00
1.907000000000000000e+03 1.000000000000000000e+00
1.908000000000000000e+03 1.000000000000000000e+00
1.909000000000000000e+03 1.000000000000000000e+00
1.910000000000000000e+03 1.000000000000000000e+00
1.911000000000000000e+03 1.000000000000000000e+00
1.912000000000000000e+03 1.000000000000000000e+00
1.913000000000000000e+03 1.000000000000000000e+00
1.914000000000000000e+03 1.000000000000000000e+00
1.915000000000000000e+03 1.000000000000000000e+00
1.916000000000000000e+03 1.000000000000000000e+00
1.917000000000000000e+03 1.000000000000000000e+00
1.918000000000000000e+03 1.000000000000000000e+00
1.919000000000000000e+03 1.000000000000000000e+00
1.920000000000000000e+03 1.000000000000000000e+00
1.921000000000000000e+03 1.000000000000000000e+00
1.922000000000000000e+03 1.000000000000000000e+00
1.923000000000000000e+03 1.000000000000000000e+00
1.924000000000000000e+03 1.000000000000000000e+00
1.925000000000000000e+03 1.000000000000000000e+00
1.926000000000000000e+03 1.000000000000000000e+00
1.936000000000000000e+03 6.000000000000000000e+00
1.937000000000000000e+03 6.000000000000000000e+00
1.938000000000000000e+03 6.000000000000000000e+00
1.939000000000000000e+03 6.000000000000000000e+00
1.994000000000000000e+03 1.000000000000000000e+00
1.995000000000000000e+03 1.000000000000000000e+00
1.996000000000000000e+03 1.000000000000000000e+00
1.997000000000000000e+03 1.000000000000000000e+00
1.998000000000000000e+03 1.000000000000000000e+00
1.999000000000000000e+03 1.000000000000000000e+00
2.000000000000000000e+03 1.000000000000000000e+00
2.001000000000000000e+03 1.000000000000000000e+00
2.002000000000000000e+03 1.000000000000000000e+00
2.003000000000000000e+03 1.000000000000000000e+00
2.004000000000000000e+03 1.000000000000000000e+00
2.005000000000000000e+03 1.000000000000000000e+00
2.006000000000000000e+03 1.000000000000000000e+00
2.007000000000000000e+03 1.000000000000000000e+00
2.008000000000000000e+03 1.000000000000000000e+00
2.009000000000000000e+03 1.000000000000000000e+00
2.010000000000000000e+03 1.000000000000000000e+00
2.011000000000000000e+03 1.000000000000000000e+00
2.012000000000000000e+03 1.000000000000000000e+00
2.013000000000000000e+03 1.000000000000000000e+00
2.014000000000000000e+03 1.000000000000000000e+00
2.015000000000000000e+03 1.000000000000000000e+00
2.016000000000000000e+03 1.000000000000000000e+00
2.017000000000000000e+03 1.000000000000000000e+00
2.018000000000000000e+03 1.000000000000000000e+00
2.019000000000000000e+03 1.000000000000000000e+00
2.020000000000000000e+03 1.000000000000000000e+00
2.021000000000000000e+03 1.000000000000000000e+00
2.022000000000000000e+03 1.000000000000000000e+00
2.023000000000000000e+03 1.000000000000000000e+00
2.024000000000000000e+03 1.000000000000000000e+00
2.025000000000000000e+03 1.000000000000000000e+00
2.026000000000000000e+03 1.000000000000000000e+00
2.027000000000000000e+03 1.000000000000000000e+00
2.028000000000000000e+03 1.000000000000000000e+00
2.029000000000000000e+03 1.000000000000000000e+00
2.030000000000000000e+03 1.000000000000000000e+00
2.031000000000000000e+03 1.000000000000000000e+00
2.032000000000000000e+03 1.000000000000000000e+00
2.033000000000000000e+03 1.000000000000000000e+00
2.034000000000000000e+03 1.000000000000000000e+00
2.035000000000000000e+03 1.000000000000000000e+00
2.036000000000000000e+03 1.000000000000000000e+00
2.037000000000000000e+03 1.000000000000000000e+00
2.038000000000000000e+03 1.000000000000000000e+00
2.039000000000000000e+03 1.000000000000000000e+00
2.040000000000000000e+03 1.000000000000000000e+00
2.041000000000000000e+03 1.000000000000000000e+00
2.042000000000000000e+03 1.000000000000000000e+00
2.043000000000000000e+03 1.000000000000000000e+00
2.044000000000000000e+03 1.000000000000000000e+00
2.045000000000000000e+03 1.000000000000000000e+00
2.046000000000000000e+03 1.000000000000000000e+00
2.047000000000000000e+03 1.000000000000000000e+00
2.048000000000000000e+03 6.000000000000000000e+00
2.116000000000000000e+03 1.000000000000000000e+00
2.117000000000000000e+03 1.000000000000000000e+00
2.118000000000000000e+03 1.000000000000000000e+00
2.119000000000000000e+03 1.000000000000000000e+00
2.120000000000000000e+03 1.000000000000000000e+00
2.121000000000000000e+03 1.000000000000000000e+00
2.122000000000000000e+03 1.000000000000000000e+00
2.123000000000000000e+03 1.000000000000000000e+00
2.124000000000000000e+03 1.000000000000000000e+00
2.125000000000000000e+03 1.000000000000000000e+00
2.126000000000000000e+03 1.000000000000000000e+00
2.127000000000000000e+03 1.000000000000000000e+00
2.128000000000000000e+03 1.000000000000000000e+00
2.129000000000000000e+03 1.000000000000000000e+00
2.130000000000000000e+03 1.000000000000000000e+00
2.131000000000000000e+03 1.000000000000000000e+00
2.132000000000000000e+03 1.000000000000000000e+00
2.133000000000000000e+03 1.000000000000000000e+00
2.134000000000000000e+03 1.000000000000000000e+00
2.135000000000000000e+03 1.000000000000000000e+00
2.136000000000000000e+03 1.000000000000000000e+00
2.137000000000000000e+03 1.000000000000000000e+00
2.138000000000000000e+03 1.000000000000000000e+00
2.139000000000000000e+03 1.000000000000000000e+00
2.140000000000000000e+03 1.000000000000000000e+00
2.141000000000000000e+03 1.000000000000000000e+00
2.142000000000000000e+03 1.000000000000000000e+00
2.143000000000000000e+03 1.000000000000000000e+00
2.144000000000000000e+03 1.000000000000000000e+00
2.145000000000000000e+03 1.000000000000000000e+00
2.146000000000000000e+03 1.000000000000000000e+00
2.147000000000000000e+03 1.000000000000000000e+00
2.148000000000000000e+03 1.000000000000000000e+00
2.149000000000000000e+03 1.000000000000000000e+00
2.150000000000000000e+03 1.000000000000000000e+00
2.151000000000000000e+03 1.000000000000000000e+00
2.152000000000000000e+03 1.000000000000000000e+00
2.153000000000000000e+03 1.000000000000000000e+00
2.154000000000000000e+03 1.000000000000000000e+00
2.155000000000000000e+03 1.000000000000000000e+00
2.156000000000000000e+03 1.000000000000000000e+00
2.157000000000000000e+03 1.000000000000000000e+00
2.158000000000000000e+03 1.000000000000000000e+00
2.159000000000000000e+03 6.000000000000000000e+00
2.160000000000000000e+03 6.000000000000000000e+00
2.161000000000000000e+03 6.000000000000000000e+00
2.162000000000000000e+03 6.000000000000000000e+00
2.163000000000000000e+03 1.000000000000000000e+00
2.164000000000000000e+03 1.000000000000000000e+00
2.165000000000000000e+03 1.000000000000000000e+00
2.166000000000000000e+03 1.000000000000000000e+00
2.167000000000000000e+03 1.000000000000000000e+00
2.168000000000000000e+03 1.000000000000000000e+00
2.169000000000000000e+03 1.000000000000000000e+00
2.238000000000000000e+03 1.000000000000000000e+00
2.239000000000000000e+03 1.000000000000000000e+00
2.240000000000000000e+03 1.000000000000000000e+00
2.241000000000000000e+03 1.000000000000000000e+00
2.242000000000000000e+03 1.000000000000000000e+00
2.243000000000000000e+03 1.000000000000000000e+00
2.244000000000000000e+03 1.000000000000000000e+00
2.245000000000000000e+03 1.000000000000000000e+00
2.246000000000000000e+03 1.000000000000000000e+00
2.247000000000000000e+03 1.000000000000000000e+00
2.248000000000000000e+03 1.000000000000000000e+00
2.249000000000000000e+03 1.000000000000000000e+00
2.250000000000000000e+03 1.000000000000000000e+00
2.251000000000000000e+03 1.000000000000000000e+00
2.252000000000000000e+03 1.000000000000000000e+00
2.253000000000000000e+03 1.000000000000000000e+00
2.254000000000000000e+03 1.000000000000000000e+00
2.255000000000000000e+03 1.000000000000000000e+00
2.256000000000000000e+03 1.000000000000000000e+00
2.257000000000000000e+03 1.000000000000000000e+00
2.258000000000000000e+03 1.000000000000000000e+00
2.259000000000000000e+03 1.000000000000000000e+00
2.260000000000000000e+03 1.000000000000000000e+00
2.261000000000000000e+03 1.000000000000000000e+00
2.262000000000000000e+03 1.000000000000000000e+00
2.263000000000000000e+03 1.000000000000000000e+00
2.264000000000000000e+03 1.000000000000000000e+00
2.265000000000000000e+03 1.000000000000000000e+00
2.266000000000000000e+03 1.000000000000000000e+00
2.267000000000000000e+03 1.000000000000000000e+00
2.268000000000000000e+03 1.000000000000000000e+00
2.269000000000000000e+03 1.000000000000000000e+00
2.270000000000000000e+03 1.000000000000000000e+00
2.271000000000000000e+03 1.000000000000000000e+00
2.272000000000000000e+03 1.000000000000000000e+00
2.273000000000000000e+03 1.000000000000000000e+00
2.274000000000000000e+03 1.000000000000000000e+00
2.275000000000000000e+03 1.000000000000000000e+00
2.276000000000000000e+03 1.000000000000000000e+00
2.277000000000000000e+03 1.000000000000000000e+00
2.278000000000000000e+03 1.000000000000000000e+00
2.279000000000000000e+03 1.000000000000000000e+00
2.280000000000000000e+03 6.000000000000000000e+00
2.285000000000000000e+03 6.000000000000000000e+00
2.286000000000000000e+03 6.000000000000000000e+00
2.287000000000000000e+03 6.000000000000000000e+00
2.288000000000000000e+03 6.000000000000000000e+00
2.289000000000000000e+03 6.000000000000000000e+00
2.290000000000000000e+03 6.000000000000000000e+00
2.291000000000000000e+03 6.000000000000000000e+00
2.360000000000000000e+03 1.000000000000000000e+00
2.361000000000000000e+03 1.000000000000000000e+00
2.362000000000000000e+03 1.000000000000000000e+00
2.363000000000000000e+03 1.000000000000000000e+00
2.364000000000000000e+03 1.000000000000000000e+00
2.365000000000000000e+03 1.000000000000000000e+00
2.366000000000000000e+03 1.000000000000000000e+00
2.367000000000000000e+03 1.000000000000000000e+00
2.368000000000000000e+03 1.000000000000000000e+00
2.369000000000000000e+03 1.000000000000000000e+00
2.370000000000000000e+03 1.000000000000000000e+00
2.371000000000000000e+03 6.000000000000000000e+00
2.372000000000000000e+03 6.000000000000000000e+00
2.373000000000000000e+03 6.000000000000000000e+00
2.374000000000000000e+03 6.000000000000000000e+00
2.375000000000000000e+03 6.000000000000000000e+00
2.376000000000000000e+03 6.000000000000000000e+00
2.377000000000000000e+03 6.000000000000000000e+00
2.378000000000000000e+03 6.000000000000000000e+00
2.379000000000000000e+03 6.000000000000000000e+00
2.380000000000000000e+03 1.000000000000000000e+00
2.381000000000000000e+03 1.000000000000000000e+00
2.382000000000000000e+03 1.000000000000000000e+00
2.383000000000000000e+03 1.000000000000000000e+00
2.384000000000000000e+03 1.000000000000000000e+00
2.385000000000000000e+03 1.000000000000000000e+00
2.386000000000000000e+03 1.000000000000000000e+00
2.387000000000000000e+03 1.000000000000000000e+00
2.388000000000000000e+03 1.000000000000000000e+00
2.389000000000000000e+03 1.000000000000000000e+00
2.390000000000000000e+03 1.000000000000000000e+00
2.391000000000000000e+03 1.000000000000000000e+00
2.392000000000000000e+03 1.000000000000000000e+00
2.393000000000000000e+03 1.000000000000000000e+00
2.394000000000000000e+03 1.000000000000000000e+00
2.395000000000000000e+03 1.000000000000000000e+00
2.396000000000000000e+03 1.000000000000000000e+00
2.397000000000000000e+03 1.000000000000000000e+00
2.398000000000000000e+03 6.000000000000000000e+00
2.399000000000000000e+03 6.000000000000000000e+00
2.400000000000000000e+03 6.000000000000000000e+00
2.401000000000000000e+03 6.000000000000000000e+00
2.482000000000000000e+03 1.000000000000000000e+00
2.483000000000000000e+03 1.000000000000000000e+00
2.484000000000000000e+03 1.000000000000000000e+00
2.485000000000000000e+03 1.000000000000000000e+00
2.486000000000000000e+03 1.000000000000000000e+00
2.487000000000000000e+03 1.000000000000000000e+00
2.488000000000000000e+03 1.000000000000000000e+00
2.489000000000000000e+03 1.000000000000000000e+00
2.490000000000000000e+03 1.000000000000000000e+00
2.491000000000000000e+03 1.000000000000000000e+00
2.492000000000000000e+03 1.000000000000000000e+00
2.502000000000000000e+03 6.000000000000000000e+00
2.503000000000000000e+03 6.000000000000000000e+00
2.504000000000000000e+03 6.000000000000000000e+00
2.505000000000000000e+03 6.000000000000000000e+00
2.506000000000000000e+03 6.000000000000000000e+00
2.507000000000000000e+03 6.000000000000000000e+00
2.508000000000000000e+03 6.000000000000000000e+00
2.509000000000000000e+03 6.000000000000000000e+00
2.510000000000000000e+03 1.000000000000000000e+00
2.511000000000000000e+03 1.000000000000000000e+00
2.512000000000000000e+03 1.000000000000000000e+00
2.513000000000000000e+03 1.000000000000000000e+00
2.514000000000000000e+03 6.000000000000000000e+00
2.515000000000000000e+03 6.000000000000000000e+00
2.516000000000000000e+03 6.000000000000000000e+00
2.517000000000000000e+03 6.000000000000000000e+00
2.518000000000000000e+03 6.000000000000000000e+00
2.519000000000000000e+03 6.000000000000000000e+00
2.604000000000000000e+03 1.000000000000000000e+00
2.605000000000000000e+03 1.000000000000000000e+00
2.606000000000000000e+03 1.000000000000000000e+00
2.607000000000000000e+03 1.000000000000000000e+00
2.608000000000000000e+03 1.000000000000000000e+00
2.609000000000000000e+03 1.000000000000000000e+00
2.610000000000000000e+03 1.000000000000000000e+00
2.611000000000000000e+03 1.000000000000000000e+00
2.612000000000000000e+03 1.000000000000000000e+00
2.613000000000000000e+03 6.000000000000000000e+00
2.614000000000000000e+03 6.000000000000000000e+00
2.632000000000000000e+03 6.000000000000000000e+00
2.633000000000000000e+03 6.000000000000000000e+00
2.634000000000000000e+03 1.000000000000000000e+00
2.635000000000000000e+03 6.000000000000000000e+00
2.726000000000000000e+03 1.000000000000000000e+00
2.727000000000000000e+03 1.000000000000000000e+00
2.728000000000000000e+03 1.000000000000000000e+00
2.729000000000000000e+03 1.000000000000000000e+00
2.730000000000000000e+03 1.000000000000000000e+00
2.731000000000000000e+03 1.000000000000000000e+00
2.732000000000000000e+03 1.000000000000000000e+00
2.733000000000000000e+03 6.000000000000000000e+00
2.734000000000000000e+03 6.000000000000000000e+00
2.756000000000000000e+03 6.000000000000000000e+00
2.848000000000000000e+03 1.000000000000000000e+00
2.849000000000000000e+03 1.000000000000000000e+00
2.850000000000000000e+03 6.000000000000000000e+00
2.851000000000000000e+03 6.000000000000000000e+00
2.852000000000000000e+03 6.000000000000000000e+00
2.853000000000000000e+03 6.000000000000000000e+00
2.854000000000000000e+03 6.000000000000000000e+00
2.970000000000000000e+03 6.000000000000000000e+00
2.971000000000000000e+03 6.000000000000000000e+00
