6.110000000000000000e+02 3.000000000000000000e+00
6.120000000000000000e+02 1.000000000000000000e+00
6.130000000000000000e+02 1.000000000000000000e+00
6.140000000000000000e+02 1.000000000000000000e+00
6.150000000000000000e+02 1.000000000000000000e+00
6.160000000000000000e+02 1.000000000000000000e+00
6.170000000000000000e+02 1.000000000000000000e+00
6.180000000000000000e+02 1.000000000000000000e+00
6.190000000000000000e+02 1.000000000000000000e+00
6.200000000000000000e+02 1.000000000000000000e+00
6.210000000000000000e+02 1.000000000000000000e+00
6.220000000000000000e+02 1.000000000000000000e+00
6.230000000000000000e+02 1.000000000000000000e+00
6.240000000000000000e+02 1.000000000000000000e+00
6.250000000000000000e+02 1.000000000000000000e+00
6.260000000000000000e+02 1.000000000000000000e+00
6.270000000000000000e+02 1.000000000000000000e+00
6.280000000000000000e+02 1.000000000000000000e+00
6.290000000000000000e+02 1.000000000000000000e+00
6.300000000000000000e+02 1.000000000000000000e+00
6.310000000000000000e+02 1.000000000000000000e+00
6.320000000000000000e+02 1.000000000000000000e+00
6.330000000000000000e+02 1.000000000000000000e+00
6.340000000000000000e+02 1.000000000000000000e+00
6.350000000000000000e+02 1.000000000000000000e+00
6.360000000000000000e+02 1.000000000000000000e+00
6.370000000000000000e+02 1.000000000000000000e+00
6.380000000000000000e+02 1.000000000000000000e+00
6.390000000000000000e+02 1.000000000000000000e+00
6.400000000000000000e+02 1.000000000000000000e+00
6.410000000000000000e+02 1.000000000000000000e+00
6.420000000000000000e+02 1.000000000000000000e+00
6.430000000000000000e+02 1.000000000000000000e+00
6.440000000000000000e+02 1.000000000000000000e+00
6.450000000000000000e+02 1.000000000000000000e+00
6.460000000000000000e+02 1.000000000000000000e+00
6.470000000000000000e+02 1.000000000000000000e+00
6.480000000000000000e+02 1.000000000000000000e+00
6.490000000000000000e+02 1.000000000000000000e+00
6.500000000000000000e+02 1.000000000000000000e+00
6.510000000000000000e+02 1.000000000000000000e+00
7.330000000000000000e+02 3.000000000000000000e+00
7.340000000000000000e+02 1.000000000000000000e+00
7.350000000000000000e+02 1.000000000000000000e+00
7.360000000000000000e+02 1.000000000000000000e+00
7.370000000000000000e+02 1.000000000000000000e+00
7.380000000000000000e+02 1.000000000000000000e+00
7.390000000000000000e+02 1.000000000000000000e+00
7.400000000000000000e+02 1.000000000000000000e+00
7.410000000000000000e+02 1.000000000000000000e+00
7.420000000000000000e+02 1.000000000000000000e+00
7.430000000000000000e+02 1.000000000000000000e+00
7.440000000000000000e+02 1.000000000000000000e+00
7.450000000000000000e+02 1.000000000000000000e+00
7.460000000000000000e+02 1.000000000000000000e+00
7.470000000000000000e+02 1.000000000000000000e+00
7.480000000000000000e+02 1.000000000000000000e+00
7.490000000000000000e+02 1.000000000000000000e+00
7.500000000000000000e+02 1.000000000000000000e+00
7.510000000000000000e+02 1.000000000000000000e+00
7.520000000000000000e+02 1.000000000000000000e+00
7.530000000000000000e+02 1.000000000000000000e+00
7.540000000000000000e+02 1.000000000000000000e+00
7.550000000000000000e+02 1.000000000000000000e+00
7.560000000000000000e+02 1.000000000000000000e+00
7.570000000000000000e+02 1.000000000000000000e+00
7.580000000000000000e+02 1.000000000000000000e+00
7.590000000000000000e+02 1.000000000000000000e+00
7.600000000000000000e+02 1.000000000000000000e+00
7.610000000000000000e+02 1.000000000000000000e+00
7.620000000000000000e+02 1.000000000000000000e+00
7.630000000000000000e+02 1.000000000000000000e+00
7.640000000000000000e+02 1.000000000000000000e+00
7.650000000000000000e+02 1.000000000000000000e+00
7.660000000000000000e+02 1.000000000000000000e+00
7.670000000000000000e+02 1.000000000000000000e+00
7.680000000000000000e+02 1.000000000000000000e+00
7.690000000000000000e+02 1.000000000000000000e+00
7.700000000000000000e+02 1.000000000000000000e+00
7.710000000000000000e+02 1.000000000000000000e+00
7.720000000000000000e+02 1.000000000000000000e+00
7.730000000000000000e+02 1.000000000000000000e+00
8.550000000000000000e+02 3.000000000000000000e+00
8.560000000000000000e+02 1.000000000000000000e+00
8.570000000000000000e+02 1.000000000000000000e+00
8.580000000000000000e+02 1.000000000000000000e+00
8.590000000000000000e+02 1.000000000000000000e+00
8.600000000000000000e+02 1.000000000000000000e+00
8.610000000000000000e+02 1.000000000000000000e+00
8.620000000000000000e+02 1.000000000000000000e+00
8.630000000000000000e+02 1.000000000000000000e+00
8.640000000000000000e+02 1.000000000000000000e+00
8.650000000000000000e+02 1.000000000000000000e+00
8.660000000000000000e+02 1.000000000000000000e+00
8.670000000000000000e+02 1.000000000000000000e+00
8.680000000000000000e+02 1.000000000000000000e+00
8.690000000000000000e+02 1.000000000000000000e+00
8.700000000000000000e+02 1.000000000000000000e+00
8.710000000000000000e+02 1.000000000000000000e+00
8.720000000000000000e+02 1.000000000000000000e+00
8.730000000000000000e+02 1.000000000000000000e+00
8.740000000000000000e+02 1.000000000000000000e+00
8.750000000000000000e+02 1.000000000000000000e+00
8.760000000000000000e+02 1.000000000000000000e+00
8.770000000000000000e+02 1.000000000000000000e+00
8.780000000000000000e+02 1.000000000000000000e+00
8.790000000000000000e+02 1.000000000000000000e+00
8.800000000000000000e+02 1.000000000000000000e+00
8.810000000000000000e+02 1.000000000000000000e+00
8.820000000000000000e+02 1.000000000000000000e+00
8.830000000000000000e+02 1.000000000000000000e+00
8.840000000000000000e+02 1.000000000000000000e+00
8.850000000000000000e+02 1.000000000000000000e+00
8.860000000000000000e+02 1.000000000000000000e+00
8.870000000000000000e+02 1.000000000000000000e+00
8.880000000000000000e+02 1.000000000000000000e+00
8.890000000000000000e+02 1.000000000000000000e+00
8.900000000000000000e+02 1.000000000000000000e+00
8.910000000000000000e+02 1.000000000000000000e+00
8.920000000000000000e+02 1.000000000000000000e+00
8.930000000000000000e+02 1.000000000000000000e+00
8.940000000000000000e+02 1.000000000000000000e+00
8.950000000000000000e+02 1.000000000000000000e+00
9.770000000000000000e+02 3.000000000000000000e+00
9.780000000000000000e+02 1.000000000000000000e+00
9.790000000000000000e+02 1.000000000000000000e+00
9.800000000000000000e+02 1.000000000000000000e+00
9.810000000000000000e+02 1.000000000000000000e+00
9.820000000000000000e+02 1.000000000000000000e+00
9.830000000000000000e+02 1.000000000000000000e+00
9.840000000000000000e+02 1.000000000000000000e+00
9.850000000000000000e+02 1.000000000000000000e+00
9.860000000000000000e+02 1.000000000000000000e+00
9.870000000000000000e+02 1.000000000000000000e+00
9.880000000000000000e+02 1.000000000000000000e+00
9.890000000000000000e+02 1.000000000000000000e+00
9.900000000000000000e+02 1.000000000000000000e+00
9.910000000000000000e+02 1.000000000000000000e+00
9.920000000000000000e+02 1.000000000000000000e+00
9.930000000000000000e+02 1.000000000000000000e+00
9.940000000000000000e+02 1.000000000000000000e+00
9.950000000000000000e+02 1.000000000000000000e+00
9.960000000000000000e+02 1.000000000000000000e+00
9.970000000000000000e+02 1.000000000000000000e+00
9.980000000000000000e+02 1.000000000000000000e+00
9.990000000000000000e+02 1.000000000000000000e+00
1.000000000000000000e+03 1.000000000000000000e+00
1.001000000000000000e+03 1.000000000000000000e+00
1.002000000000000000e+03 1.000000000000000000e+00
1.003000000000000000e+03 1.000000000000000000e+00
1.004000000000000000e+03 1.000000000000000000e+00
1.005000000000000000e+03 1.000000000000000000e+00
1.006000000000000000e+03 1.000000000000000000e+00
1.007000000000000000e+03 1.000000000000000000e+00
1.008000000000000000e+03 1.000000000000000000e+00
1.009000000000000000e+03 1.000000000000000000e+00
1.010000000000000000e+03 1.000000000000000000e+00
1.011000000000000000e+03 1.000000000000000000e+00
1.012000000000000000e+03 1.000000000000000000e+00
1.013000000000000000e+03 1.000000000000000000e+00
1.014000000000000000e+03 1.000000000000000000e+00
1.015000000000000000e+03 1.000000000000000000e+00
1.016000000000000000e+03 1.000000000000000000e+00
1.017000000000000000e+03 1.000000000000000000e+00
1.099000000000000000e+03 3.000000000000000000e+00
1.100000000000000000e+03 1.000000000000000000e+00
1.101000000000000000e+03 1.000000000000000000e+00
1.102000000000000000e+03 1.000000000000000000e+00
1.103000000000000000e+03 1.000000000000000000e+00
1.104000000000000000e+03 1.000000000000000000e+00
1.105000000000000000e+03 1.000000000000000000e+00
1.106000000000000000e+03 1.000000000000000000e+00
1.107000000000000000e+03 1.000000000000000000e+00
1.108000000000000000e+03 1.000000000000000000e+00
1.109000000000000000e+03 1.000000000000000000e+00
1.110000000000000000e+03 1.000000000000000000e+00
1.111000000000000000e+03 1.000000000000000000e+00
1.112000000000000000e+03 1.000000000000000000e+00
1.113000000000000000e+03 1.000000000000000000e+00
1.114000000000000000e+03 1.000000000000000000e+00
1.115000000000000000e+03 1.000000000000000000e+00
1.116000000000000000e+03 1.000000000000000000e+00
1.117000000000000000e+03 1.000000000000000000e+00
1.118000000000000000e+03 1.000000000000000000e+00
1.119000000000000000e+03 1.000000000000000000e+00
1.120000000000000000e+03 1.000000000000000000e+00
1.121000000000000000e+03 1.000000000000000000e+00
1.122000000000000000e+03 1.000000000000000000e+00
1.123000000000000000e+03 1.000000000000000000e+00
1.124000000000000000e+03 1.000000000000000000e+00
1.125000000000000000e+03 1.000000000000000000e+00
1.126000000000000000e+03 1.000000000000000000e+00
1.127000000000000000e+03 1.000000000000000000e+00
1.128000000000000000e+03 1.000000000000000000e+00
1.129000000000000000e+03 1.000000000000000000e+00
1.130000000000000000e+03 1.000000000000000000e+00
1.131000000000000000e+03 1.000000000000000000e+00
1.132000000000000000e+03 1.000000000000000000e+00
1.133000000000000000e+03 1.000000000000000000e+00
1.134000000000000000e+03 1.000000000000000000e+00
1.135000000000000000e+03 1.000000000000000000e+00
1.136000000000000000e+03 1.000000000000000000e+00
1.137000000000000000e+03 1.000000000000000000e+00
1.138000000000000000e+03 1.000000000000000000e+00
1.139000000000000000e+03 1.000000000000000000e+00
1.221000000000000000e+03 3.000000000000000000e+00
1.222000000000000000e+03 1.000000000000000000e+00
1.223000000000000000e+03 1.000000000000000000e+00
1.224000000000000000e+03 1.000000000000000000e+00
1.225000000000000000e+03 1.000000000000000000e+00
1.226000000000000000e+03 1.000000000000000000e+00
1.227000000000000000e+03 1.000000000000000000e+00
1.228000000000000000e+03 1.000000000000000000e+00
1.229000000000000000e+03 1.000000000000000000e+00
1.230000000000000000e+03 1.000000000000000000e+00
1.231000000000000000e+03 1.000000000000000000e+00
1.232000000000000000e+03 1.000000000000000000e+00
1.233000000000000000e+03 1.000000000000000000e+00
1.234000000000000000e+03 1.000000000000000000e+00
1.235000000000000000e+03 1.000000000000000000e+00
1.236000000000000000e+03 1.000000000000000000e+00
1.237000000000000000e+03 1.000000000000000000e+00
1.238000000000000000e+03 1.000000000000000000e+00
1.239000000000000000e+03 1.000000000000000000e+00
1.240000000000000000e+03 1.000000000000000000e+00
1.241000000000000000e+03 1.000000000000000000e+00
1.242000000000000000e+03 1.000000000000000000e+00
1.243000000000000000e+03 1.000000000000000000e+00
1.244000000000000000e+03 1.000000000000000000e+00
1.245000000000000000e+03 1.000000000000000000e+00
1.246000000000000000e+03 1.000000000000000000e+00
1.247000000000000000e+03 1.000000000000000000e+00
1.248000000000000000e+03 1.000000000000000000e+00
1.249000000000000000e+03 1.000000000000000000e+00
1.250000000000000000e+03 1.000000000000000000e+00
1.251000000000000000e+03 1.000000000000000000e+00
1.252000000000000000e+03 1.000000000000000000e+00
1.253000000000000000e+03 1.000000000000000000e+00
1.254000000000000000e+03 1.000000000000000000e+00
1.255000000000000000e+03 1.000000000000000000e+00
1.256000000000000000e+03 1.000000000000000000e+00
1.257000000000000000e+03 1.000000000000000000e+00
1.258000000000000000e+03 1.000000000000000000e+00
1.259000000000000000e+03 1.000000000000000000e+00
1.260000000000000000e+03 1.000000000000000000e+00
1.261000000000000000e+03 1.000000000000000000e+00
1.343000000000000000e+03 3.000000000000000000e+00
1.344000000000000000e+03 1.000000000000000000e+00
1.345000000000000000e+03 1.000000000000000000e+00
1.346000000000000000e+03 1.000000000000000000e+00
1.347000000000000000e+03 1.000000000000000000e+00
1.348000000000000000e+03 1.000000000000000000e+00
1.349000000000000000e+03 1.000000000000000000e+00
1.350000000000000000e+03 1.000000000000000000e+00
1.351000000000000000e+03 1.000000000000000000e+00
1.352000000000000000e+03 1.000000000000000000e+00
1.353000000000000000e+03 1.000000000000000000e+00
1.354000000000000000e+03 1.000000000000000000e+00
1.355000000000000000e+03 1.000000000000000000e+00
1.356000000000000000e+03 1.000000000000000000e+00
1.357000000000000000e+03 1.000000000000000000e+00
1.358000000000000000e+03 1.000000000000000000e+00
1.359000000000000000e+03 1.000000000000000000e+00
1.360000000000000000e+03 1.000000000000000000e+00
1.361000000000000000e+03 1.000000000000000000e+00
1.362000000000000000e+03 1.000000000000000000e+00
1.363000000000000000e+03 1.000000000000000000e+00
1.364000000000000000e+03 1.000000000000000000e+00
1.365000000000000000e+03 1.000000000000000000e+00
1.366000000000000000e+03 1.000000000000000000e+00
1.367000000000000000e+03 1.000000000000000000e+00
1.368000000000000000e+03 1.000000000000000000e+00
1.369000000000000000e+03 1.000000000000000000e+00
1.370000000000000000e+03 1.000000000000000000e+00
1.371000000000000000e+03 1.000000000000000000e+00
1.372000000000000000e+03 1.000000000000000000e+00
1.373000000000000000e+03 1.000000000000000000e+00
1.374000000000000000e+03 1.000000000000000000e+00
1.375000000000000000e+03 1.000000000000000000e+00
1.376000000000000000e+03 1.000000000000000000e+00
1.377000000000000000e+03 1.000000000000000000e+00
1.378000000000000000e+03 1.000000000000000000e+00
1.379000000000000000e+03 1.000000000000000000e+00
1.380000000000000000e+03 1.000000000000000000e+00
1.381000000000000000e+03 1.000000000000000000e+00
1.382000000000000000e+03 1.000000000000000000e+00
1.383000000000000000e+03 1.000000000000000000e+00
1.465000000000000000e+03 3.000000000000000000e+00
1.466000000000000000e+03 1.000000000000000000e+00
1.467000000000000000e+03 1.000000000000000000e+00
1.468000000000000000e+03 1.000000000000000000e+00
1.469000000000000000e+03 1.000000000000000000e+00
1.470000000000000000e+03 1.000000000000000000e+00
1.471000000000000000e+03 1.000000000000000000e+00
1.472000000000000000e+03 1.000000000000000000e+00
1.473000000000000000e+03 1.000000000000000000e+00
1.474000000000000000e+03 1.000000000000000000e+00
1.475000000000000000e+03 1.000000000000000000e+00
1.476000000000000000e+03 1.000000000000000000e+00
1.477000000000000000e+03 1.000000000000000000e+00
1.478000000000000000e+03 1.000000000000000000e+00
1.479000000000000000e+03 1.000000000000000000e+00
1.480000000000000000e+03 1.000000000000000000e+00
1.481000000000000000e+03 1.000000000000000000e+00
1.482000000000000000e+03 1.000000000000000000e+00
1.483000000000000000e+03 1.000000000000000000e+00
1.484000000000000000e+03 1.000000000000000000e+00
1.485000000000000000e+03 1.000000000000000000e+00
1.486000000000000000e+03 1.000000000000000000e+00
1.487000000000000000e+03 1.000000000000000000e+00
1.488000000000000000e+03 1.000000000000000000e+00
1.489000000000000000e+03 1.000000000000000000e+00
1.490000000000000000e+03 1.000000000000000000e+00
1.491000000000000000e+03 1.000000000000000000e+00
1.492000000000000000e+03 1.000000000000000000e+00
1.493000000000000000e+03 1.000000000000000000e+00
1.494000000000000000e+03 1.000000000000000000e+00
1.495000000000000000e+03 1.000000000000000000e+00
1.496000000000000000e+03 1.000000000000000000e+00
1.497000000000000000e+03 1.000000000000000000e+00
1.498000000000000000e+03 1.000000000000000000e+00
1.499000000000000000e+03 1.000000000000000000e+00
1.500000000000000000e+03 1.000000000000000000e+00
1.501000000000000000e+03 1.000000000000000000e+00
1.502000000000000000e+03 1.000000000000000000e+00
1.503000000000000000e+03 1.000000000000000000e+00
1.504000000000000000e+03 1.000000000000000000e+00
1.505000000000000000e+03 1.000000000000000000e+00
1.587000000000000000e+03 3.000000000000000000e+00
1.588000000000000000e+03 1.000000000000000000e+00
1.589000000000000000e+03 1.000000000000000000e+00
1.590000000000000000e+03 1.000000000000000000e+00
1.591000000000000000e+03 1.000000000000000000e+00
1.592000000000000000e+03 1.000000000000000000e+00
1.593000000000000000e+03 1.000000000000000000e+00
1.594000000000000000e+03 1.000000000000000000e+00
1.595000000000000000e+03 1.000000000000000000e+00
1.596000000000000000e+03 1.000000000000000000e+00
1.597000000000000000e+03 1.000000000000000000e+00
1.598000000000000000e+03 1.000000000000000000e+00
1.599000000000000000e+03 1.000000000000000000e+00
1.600000000000000000e+03 1.000000000000000000e+00
1.601000000000000000e+03 1.000000000000000000e+00
1.602000000000000000e+03 1.000000000000000000e+00
1.603000000000000000e+03 1.000000000000000000e+00
1.604000000000000000e+03 1.000000000000000000e+00
1.605000000000000000e+03 1.000000000000000000e+00
1.606000000000000000e+03 1.000000000000000000e+00
1.607000000000000000e+03 1.000000000000000000e+00
1.608000000000000000e+03 1.000000000000000000e+00
1.609000000000000000e+03 1.000000000000000000e+00
1.610000000000000000e+03 1.000000000000000000e+00
1.611000000000000000e+03 1.000000000000000000e+00
1.612000000000000000e+03 1.000000000000000000e+00
1.613000000000000000e+03 1.000000000000000000e+00
1.614000000000000000e+03 1.000000000000000000e+00
1.615000000000000000e+03 1.000000000000000000e+00
1.616000000000000000e+03 1.000000000000000000e+00
1.617000000000000000e+03 1.000000000000000000e+00
1.618000000000000000e+03 1.000000000000000000e+00
1.619000000000000000e+03 1.000000000000000000e+00
1.620000000000000000e+03 1.000000000000000000e+00
1.621000000000000000e+03 1.000000000000000000e+00
1.622000000000000000e+03 1.000000000000000000e+00
1.623000000000000000e+03 1.000000000000000000e+00
1.624000000000000000e+03 1.000000000000000000e+00
1.625000000000000000e+03 1.000000000000000000e+00
1.626000000000000000e+03 1.000000000000000000e+00
1.627000000000000000e+03 1.000000000000000000e+00
1.709000000000000000e+03 3.000000000000000000e+00
1.710000000000000000e+03 1.000000000000000000e+00
1.711000000000000000e+03 1.000000000000000000e+00
1.712000000000000000e+03 1.000000000000000000e+00
1.713000000000000000e+03 1.000000000000000000e+00
1.714000000000000000e+03 1.000000000000000000e+00
1.715000000000000000e+03 1.000000000000000000e+00
1.716000000000000000e+03 1.000000000000000000e+00
1.717000000000000000e+03 1.000000000000000000e+00
1.718000000000000000e+03 1.000000000000000000e+00
1.719000000000000000e+03 1.000000000000000000e+00
1.720000000000000000e+03 1.000000000000000000e+00
1.721000000000000000e+03 1.000000000000000000e+00
1.722000000000000000e+03 1.000000000000000000e+00
1.723000000000000000e+03 1.000000000000000000e+00
1.724000000000000000e+03 1.000000000000000000e+00
1.725000000000000000e+03 1.000000000000000000e+00
1.726000000000000000e+03 1.000000000000000000e+00
1.727000000000000000e+03 1.000000000000000000e+00
1.728000000000000000e+03 1.000000000000000000e+00
1.729000000000000000e+03 1.000000000000000000e+00
1.730000000000000000e+03 1.000000000000000000e+00
1.731000000000000000e+03 1.000000000000000000e+00
1.732000000000000000e+03 1.000000000000000000e+00
1.733000000000000000e+03 1.000000000000000000e+00
1.734000000000000000e+03 1.000000000000000000e+00
1.735000000000000000e+03 1.000000000000000000e+00
1.736000000000000000e+03 1.000000000000000000e+00
1.737000000000000000e+03 1.000000000000000000e+00
1.738000000000000000e+03 1.000000000000000000e+00
1.739000000000000000e+03 1.000000000000000000e+00
1.740000000000000000e+03 1.000000000000000000e+00
1.741000000000000000e+03 1.000000000000000000e+00
1.742000000000000000e+03 1.000000000000000000e+00
1.743000000000000000e+03 1.000000000000000000e+00
1.744000000000000000e+03 1.000000000000000000e+00
1.745000000000000000e+03 1.000000000000000000e+00
1.746000000000000000e+03 1.000000000000000000e+00
1.747000000000000000e+03 1.000000000000000000e+00
1.748000000000000000e+03 1.000000000000000000e+00
1.749000000000000000e+03 1.000000000000000000e+00
1.831000000000000000e+03 3.000000000000000000e+00
1.832000000000000000e+03 1.000000000000000000e+00
1.833000000000000000e+03 1.000000000000000000e+00
1.834000000000000000e+03 1.000000000000000000e+00
1.835000000000000000e+03 1.000000000000000000e+00
1.836000000000000000e+03 1.000000000000000000e+00
1.837000000000000000e+03 1.000000000000000000e+00
1.838000000000000000e+03 1.000000000000000000e+00
1.839000000000000000e+03 1.000000000000000000e+00
1.840000000000000000e+03 1.000000000000000000e+00
1.841000000000000000e+03 1.000000000000000000e+00
1.842000000000000000e+03 1.000000000000000000e+00
1.843000000000000000e+03 1.000000000000000000e+00
1.844000000000000000e+03 1.000000000000000000e+00
1.845000000000000000e+03 1.000000000000000000e+00
1.846000000000000000e+03 1.000000000000000000e+00
1.847000000000000000e+03 1.000000000000000000e+00
1.848000000000000000e+03 1.000000000000000000e+00
1.849000000000000000e+03 1.000000000000000000e+00
1.850000000000000000e+03 1.000000000000000000e+00
1.851000000000000000e+03 1.000000000000000000e+00
1.852000000000000000e+03 1.000000000000000000e+00
1.853000000000000000e+03 1.000000000000000000e+00
1.854000000000000000e+03 1.000000000000000000e+00
1.855000000000000000e+03 1.000000000000000000e+00
1.856000000000000000e+03 1.000000000000000000e+00
1.857000000000000000e+03 1.000000000000000000e+00
1.858000000000000000e+03 1.000000000000000000e+00
1.859000000000000000e+03 1.000000000000000000e+00
1.860000000000000000e+03 1.000000000000000000e+00
1.861000000000000000e+03 1.000000000000000000e+00
1.862000000000000000e+03 1.000000000000000000e+00
1.863000000000000000e+03 1.000000000000000000e+00
1.864000000000000000e+03 1.000000000000000000e+00
1.865000000000000000e+03 1.000000000000000000e+00
1.866000000000000000e+03 1.000000000000000000e+00
1.867000000000000000e+03 1.000000000000000000e+00
1.868000000000000000e+03 1.000000000000000000e+00
1.869000000000000000e+03 1.000000000000000000e+00
1.870000000000000000e+03 1.000000000000000000e+00
1.871000000000000000e+03 1.000000000000000000e+00
1.953000000000000000e+03 3.000000000000000000e+00
1.954000000000000000e+03 1.000000000000000000e+00
1.955000000000000000e+03 1.000000000000000000e+00
1.956000000000000000e+03 1.000000000000000000e+00
1.957000000000000000e+03 1.000000000000000000e+00
1.958000000000000000e+03 1.000000000000000000e+00
1.959000000000000000e+03 1.000000000000000000e+00
1.960000000000000000e+03 1.000000000000000000e+00
1.961000000000000000e+03 1.000000000000000000e+00
1.962000000000000000e+03 1.000000000000000000e+00
1.963000000000000000e+03 1.000000000000000000e+00
1.964000000000000000e+03 1.000000000000000000e+00
1.965000000000000000e+03 1.000000000000000000e+00
1.966000000000000000e+03 1.000000000000000000e+00
1.967000000000000000e+03 1.000000000000000000e+00
1.968000000000000000e+03 1.000000000000000000e+00
1.969000000000000000e+03 1.000000000000000000e+00
1.970000000000000000e+03 1.000000000000000000e+00
1.971000000000000000e+03 1.000000000000000000e+00
1.972000000000000000e+03 1.000000000000000000e+00
1.973000000000000000e+03 1.000000000000000000e+00
1.974000000000000000e+03 1.000000000000000000e+00
1.975000000000000000e+03 1.000000000000000000e+00
1.976000000000000000e+03 1.000000000000000000e+00
1.977000000000000000e+03 1.000000000000000000e+00
1.978000000000000000e+03 1.000000000000000000e+00
1.979000000000000000e+03 1.000000000000000000e+00
1.980000000000000000e+03 1.000000000000000000e+00
1.981000000000000000e+03 1.000000000000000000e+00
1.982000000000000000e+03 1.000000000000000000e+00
1.983000000000000000e+03 1.000000000000000000e+00
1.984000000000000000e+03 1.000000000000000000e+00
1.985000000000000000e+03 1.000000000000000000e+00
1.986000000000000000e+03 1.000000000000000000e+00
1.987000000000000000e+03 1.000000000000000000e+00
1.988000000000000000e+03 1.000000000000000000e+00
1.989000000000000000e+03 1.000000000000000000e+00
1.990000000000000000e+03 1.000000000000000000e+00
1.991000000000000000e+03 1.000000000000000000e+00
1.992000000000000000e+03 1.000000000000000000e+00
1.993000000000000000e+03 1.000000000000000000e+00
2.075000000000000000e+03 3.000000000000000000e+00
2.076000000000000000e+03 1.000000000000000000e+00
2.077000000000000000e+03 1.000000000000000000e+00
2.078000000000000000e+03 1.000000000000000000e+00
2.079000000000000000e+03 1.000000000000000000e+00
2.080000000000000000e+03 1.000000000000000000e+00
2.081000000000000000e+03 1.000000000000000000e+00
2.082000000000000000e+03 1.000000000000000000e+00
2.083000000000000000e+03 1.000000000000000000e+00
2.084000000000000000e+03 1.000000000000000000e+00
2.085000000000000000e+03 1.000000000000000000e+00
2.086000000000000000e+03 1.000000000000000000e+00
2.087000000000000000e+03 1.000000000000000000e+00
2.088000000000000000e+03 1.000000000000000000e+00
2.089000000000000000e+03 1.000000000000000000e+00
2.090000000000000000e+03 1.000000000000000000e+00
2.091000000000000000e+03 1.000000000000000000e+00
2.092000000000000000e+03 1.000000000000000000e+00
2.093000000000000000e+03 1.000000000000000000e+00
2.094000000000000000e+03 1.000000000000000000e+00
2.095000000000000000e+03 1.000000000000000000e+00
2.096000000000000000e+03 1.000000000000000000e+00
2.097000000000000000e+03 1.000000000000000000e+00
2.098000000000000000e+03 1.000000000000000000e+00
2.099000000000000000e+03 1.000000000000000000e+00
2.100000000000000000e+03 1.000000000000000000e+00
2.101000000000000000e+03 1.000000000000000000e+00
2.102000000000000000e+03 1.000000000000000000e+00
2.103000000000000000e+03 1.000000000000000000e+00
2.104000000000000000e+03 1.000000000000000000e+00
2.105000000000000000e+03 1.000000000000000000e+00
2.106000000000000000e+03 1.000000000000000000e+00
2.107000000000000000e+03 1.000000000000000000e+00
2.108000000000000000e+03 1.000000000000000000e+00
2.109000000000000000e+03 1.000000000000000000e+00
2.110000000000000000e+03 1.000000000000000000e+00
2.111000000000000000e+03 1.000000000000000000e+00
2.112000000000000000e+03 1.000000000000000000e+00
2.113000000000000000e+03 1.000000000000000000e+00
2.114000000000000000e+03 1.000000000000000000e+00
2.115000000000000000e+03 1.000000000000000000e+00
2.197000000000000000e+03 6.000000000000000000e+00
2.198000000000000000e+03 1.000000000000000000e+00
2.199000000000000000e+03 1.000000000000000000e+00
2.200000000000000000e+03 1.000000000000000000e+00
2.201000000000000000e+03 1.000000000000000000e+00
2.202000000000000000e+03 1.000000000000000000e+00
2.203000000000000000e+03 1.000000000000000000e+00
2.204000000000000000e+03 1.000000000000000000e+00
2.205000000000000000e+03 1.000000000000000000e+00
2.206000000000000000e+03 1.000000000000000000e+00
2.207000000000000000e+03 1.000000000000000000e+00
2.208000000000000000e+03 1.000000000000000000e+00
2.209000000000000000e+03 1.000000000000000000e+00
2.210000000000000000e+03 1.000000000000000000e+00
2.211000000000000000e+03 1.000000000000000000e+00
2.212000000000000000e+03 1.000000000000000000e+00
2.213000000000000000e+03 1.000000000000000000e+00
2.214000000000000000e+03 1.000000000000000000e+00
2.215000000000000000e+03 1.000000000000000000e+00
2.216000000000000000e+03 1.000000000000000000e+00
2.217000000000000000e+03 1.000000000000000000e+00
2.218000000000000000e+03 1.000000000000000000e+00
2.219000000000000000e+03 1.000000000000000000e+00
2.220000000000000000e+03 1.000000000000000000e+00
2.221000000000000000e+03 1.000000000000000000e+00
2.222000000000000000e+03 1.000000000000000000e+00
2.223000000000000000e+03 1.000000000000000000e+00
2.224000000000000000e+03 1.000000000000000000e+00
2.225000000000000000e+03 1.000000000000000000e+00
2.226000000000000000e+03 1.000000000000000000e+00
2.227000000000000000e+03 1.000000000000000000e+00
2.228000000000000000e+03 1.000000000000000000e+00
2.229000000000000000e+03 1.000000000000000000e+00
2.230000000000000000e+03 1.000000000000000000e+00
2.231000000000000000e+03 1.000000000000000000e+00
2.232000000000000000e+03 1.000000000000000000e+00
2.233000000000000000e+03 1.000000000000000000e+00
2.234000000000000000e+03 1.000000000000000000e+00
2.235000000000000000e+03 1.000000000000000000e+00
2.236000000000000000e+03 1.000000000000000000e+00
2.237000000000000000e+03 1.000000000000000000e+00
2.320000000000000000e+03 1.000000000000000000e+00
2.321000000000000000e+03 1.000000000000000000e+00
2.322000000000000000e+03 1.000000000000000000e+00
2.323000000000000000e+03 1.000000000000000000e+00
2.324000000000000000e+03 1.000000000000000000e+00
2.325000000000000000e+03 1.000000000000000000e+00
2.326000000000000000e+03 1.000000000000000000e+00
2.327000000000000000e+03 1.000000000000000000e+00
2.328000000000000000e+03 1.000000000000000000e+00
2.329000000000000000e+03 1.000000000000000000e+00
2.330000000000000000e+03 1.000000000000000000e+00
2.331000000000000000e+03 1.000000000000000000e+00
2.332000000000000000e+03 1.000000000000000000e+00
2.333000000000000000e+03 1.000000000000000000e+00
2.334000000000000000e+03 1.000000000000000000e+00
2.335000000000000000e+03 1.000000000000000000e+00
2.336000000000000000e+03 1.000000000000000000e+00
2.337000000000000000e+03 1.000000000000000000e+00
2.338000000000000000e+03 1.000000000000000000e+00
2.339000000000000000e+03 1.000000000000000000e+00
2.340000000000000000e+03 1.000000000000000000e+00
2.341000000000000000e+03 1.000000000000000000e+00
2.342000000000000000e+03 1.000000000000000000e+00
2.343000000000000000e+03 1.000000000000000000e+00
2.344000000000000000e+03 1.000000000000000000e+00
2.345000000000000000e+03 1.000000000000000000e+00
2.346000000000000000e+03 1.000000000000000000e+00
2.347000000000000000e+03 1.000000000000000000e+00
2.348000000000000000e+03 1.000000000000000000e+00
2.349000000000000000e+03 1.000000000000000000e+00
2.350000000000000000e+03 1.000000000000000000e+00
2.351000000000000000e+03 1.000000000000000000e+00
2.352000000000000000e+03 1.000000000000000000e+00
2.353000000000000000e+03 1.000000000000000000e+00
2.354000000000000000e+03 1.000000000000000000e+00
2.355000000000000000e+03 1.000000000000000000e+00
2.356000000000000000e+03 1.000000000000000000e+00
2.357000000000000000e+03 1.000000000000000000e+00
2.358000000000000000e+03 1.000000000000000000e+00
2.359000000000000000e+03 1.000000000000000000e+00
2.442000000000000000e+03 1.000000000000000000e+00
2.443000000000000000e+03 1.000000000000000000e+00
2.444000000000000000e+03 1.000000000000000000e+00
2.445000000000000000e+03 1.000000000000000000e+00
2.446000000000000000e+03 1.000000000000000000e+00
2.447000000000000000e+03 1.000000000000000000e+00
2.448000000000000000e+03 1.000000000000000000e+00
2.449000000000000000e+03 1.000000000000000000e+00
2.450000000000000000e+03 1.000000000000000000e+00
2.451000000000000000e+03 1.000000000000000000e+00
2.452000000000000000e+03 1.000000000000000000e+00
2.453000000000000000e+03 1.000000000000000000e+00
2.454000000000000000e+03 1.000000000000000000e+00
2.455000000000000000e+03 1.000000000000000000e+00
2.456000000000000000e+03 1.000000000000000000e+00
2.457000000000000000e+03 1.000000000000000000e+00
2.458000000000000000e+03 1.000000000000000000e+00
2.459000000000000000e+03 1.000000000000000000e+00
2.460000000000000000e+03 1.000000000000000000e+00
2.461000000000000000e+03 1.000000000000000000e+00
2.462000000000000000e+03 1.000000000000000000e+00
2.463000000000000000e+03 1.000000000000000000e+00
2.464000000000000000e+03 1.000000000000000000e+00
2.465000000000000000e+03 1.000000000000000000e+00
2.466000000000000000e+03 1.000000000000000000e+00
2.467000000000000000e+03 1.000000000000000000e+00
2.468000000000000000e+03 1.000000000000000000e+00
2.469000000000000000e+03 1.000000000000000000e+00
2.470000000000000000e+03 1.000000000000000000e+00
2.471000000000000000e+03 1.000000000000000000e+00
2.472000000000000000e+03 1.000000000000000000e+00
2.473000000000000000e+03 1.000000000000000000e+00
2.474000000000000000e+03 1.000000000000000000e+00
2.475000000000000000e+03 1.000000000000000000e+00
2.476000000000000000e+03 1.000000000000000000e+00
2.477000000000000000e+03 1.000000000000000000e+00
2.478000000000000000e+03 1.000000000000000000e+00
2.479000000000000000e+03 1.000000000000000000e+00
2.480000000000000000e+03 1.000000000000000000e+00
2.481000000000000000e+03 1.000000000000000000e+00
2.564000000000000000e+03 6.000000000000000000e+00
2.565000000000000000e+03 1.000000000000000000e+00
2.566000000000000000e+03 1.000000000000000000e+00
2.567000000000000000e+03 1.000000000000000000e+00
2.568000000000000000e+03 1.000000000000000000e+00
2.569000000000000000e+03 1.000000000000000000e+00
2.570000000000000000e+03 1.000000000000000000e+00
2.571000000000000000e+03 1.000000000000000000e+00
2.572000000000000000e+03 1.000000000000000000e+00
2.573000000000000000e+03 1.000000000000000000e+00
2.574000000000000000e+03 1.000000000000000000e+00
2.575000000000000000e+03 1.000000000000000000e+00
2.576000000000000000e+03 1.000000000000000000e+00
2.577000000000000000e+03 1.000000000000000000e+00
2.578000000000000000e+03 1.000000000000000000e+00
2.579000000000000000e+03 1.000000000000000000e+00
2.580000000000000000e+03 1.000000000000000000e+00
2.581000000000000000e+03 6.000000000000000000e+00
2.582000000000000000e+03 6.000000000000000000e+00
2.583000000000000000e+03 6.000000000000000000e+00
2.584000000000000000e+03 6.000000000000000000e+00
2.585000000000000000e+03 6.000000000000000000e+00
2.586000000000000000e+03 6.000000000000000000e+00
2.587000000000000000e+03 6.000000000000000000e+00
2.588000000000000000e+03 6.000000000000000000e+00
2.589000000000000000e+03 1.000000000000000000e+00
2.590000000000000000e+03 6.000000000000000000e+00
2.591000000000000000e+03 1.000000000000000000e+00
2.592000000000000000e+03 6.000000000000000000e+00
2.593000000000000000e+03 6.000000000000000000e+00
2.594000000000000000e+03 6.000000000000000000e+00
2.595000000000000000e+03 6.000000000000000000e+00
2.596000000000000000e+03 6.000000000000000000e+00
2.597000000000000000e+03 6.000000000000000000e+00
2.598000000000000000e+03 1.000000000000000000e+00
2.599000000000000000e+03 1.000000000000000000e+00
2.600000000000000000e+03 1.000000000000000000e+00
2.601000000000000000e+03 1.000000000000000000e+00
2.602000000000000000e+03 1.000000000000000000e+00
2.603000000000000000e+03 1.000000000000000000e+00
2.687000000000000000e+03 1.000000000000000000e+00
2.688000000000000000e+03 1.000000000000000000e+00
2.689000000000000000e+03 1.000000000000000000e+00
2.690000000000000000e+03 1.000000000000000000e+00
2.691000000000000000e+03 1.000000000000000000e+00
2.692000000000000000e+03 1.000000000000000000e+00
2.693000000000000000e+03 1.000000000000000000e+00
2.694000000000000000e+03 6.000000000000000000e+00
2.695000000000000000e+03 6.000000000000000000e+00
2.696000000000000000e+03 6.000000000000000000e+00
2.697000000000000000e+03 6.000000000000000000e+00
2.698000000000000000e+03 6.000000000000000000e+00
2.699000000000000000e+03 6.000000000000000000e+00
2.700000000000000000e+03 6.000000000000000000e+00
2.701000000000000000e+03 6.000000000000000000e+00
2.702000000000000000e+03 6.000000000000000000e+00
2.711000000000000000e+03 6.000000000000000000e+00
2.713000000000000000e+03 6.000000000000000000e+00
2.720000000000000000e+03 6.000000000000000000e+00
2.721000000000000000e+03 6.000000000000000000e+00
2.722000000000000000e+03 1.000000000000000000e+00
2.723000000000000000e+03 1.000000000000000000e+00
2.724000000000000000e+03 1.000000000000000000e+00
2.725000000000000000e+03 1.000000000000000000e+00
2.809000000000000000e+03 6.000000000000000000e+00
2.810000000000000000e+03 6.000000000000000000e+00
2.811000000000000000e+03 1.000000000000000000e+00
2.812000000000000000e+03 1.000000000000000000e+00
2.813000000000000000e+03 1.000000000000000000e+00
2.814000000000000000e+03 6.000000000000000000e+00
2.815000000000000000e+03 6.000000000000000000e+00
2.844000000000000000e+03 6.000000000000000000e+00
2.845000000000000000e+03 6.000000000000000000e+00
2.846000000000000000e+03 6.000000000000000000e+00
2.847000000000000000e+03 1.000000000000000000e+00
2.933000000000000000e+03 6.000000000000000000e+00
2.934000000000000000e+03 6.000000000000000000e+00
2.935000000000000000e+03 6.000000000000000000e+00
2.969000000000000000e+03 6.000000000000000000e+00
