1.000000000000000000e+00 3.000000000000000000e+00
1.230000000000000000e+02 3.000000000000000000e+00
2.450000000000000000e+02 3.000000000000000000e+00
3.670000000000000000e+02 3.000000000000000000e+00
4.890000000000000000e+02 3.000000000000000000e+00
6.110000000000000000e+02 3.000000000000000000e+00
7.330000000000000000e+02 3.000000000000000000e+00
8.550000000000000000e+02 3.000000000000000000e+00
9.770000000000000000e+02 3.000000000000000000e+00
1.099000000000000000e+03 3.000000000000000000e+00
1.221000000000000000e+03 3.000000000000000000e+00
1.343000000000000000e+03 3.000000000000000000e+00
1.465000000000000000e+03 3.000000000000000000e+00
1.587000000000000000e+03 3.000000000000000000e+00
1.709000000000000000e+03 3.000000000000000000e+00
1.831000000000000000e+03 3.000000000000000000e+00
1.953000000000000000e+03 3.000000000000000000e+00
2.075000000000000000e+03 3.000000000000000000e+00
2.319000000000000000e+03 3.000000000000000000e+00
2.441000000000000000e+03 3.000000000000000000e+00
2.563000000000000000e+03 3.000000000000000000e+00
2.685000000000000000e+03 3.000000000000000000e+00
2.807000000000000000e+03 3.000000000000000000e+00
2.929000000000000000e+03 3.000000000000000000e+00
3.051000000000000000e+03 3.000000000000000000e+00
