1.000000000000000000e+00 3.000000000000000000e+00
1.090000000000000000e+02 3.000000000000000000e+00
2.170000000000000000e+02 3.000000000000000000e+00
3.250000000000000000e+02 3.000000000000000000e+00
4.330000000000000000e+02 3.000000000000000000e+00
5.410000000000000000e+02 3.000000000000000000e+00
6.490000000000000000e+02 3.000000000000000000e+00
7.570000000000000000e+02 3.000000000000000000e+00
8.650000000000000000e+02 3.000000000000000000e+00
9.730000000000000000e+02 3.000000000000000000e+00
1.081000000000000000e+03 3.000000000000000000e+00
1.189000000000000000e+03 3.000000000000000000e+00
1.297000000000000000e+03 3.000000000000000000e+00
1.405000000000000000e+03 3.000000000000000000e+00
1.513000000000000000e+03 3.000000000000000000e+00
1.621000000000000000e+03 3.000000000000000000e+00
1.729000000000000000e+03 3.000000000000000000e+00
1.837000000000000000e+03 3.000000000000000000e+00
1.945000000000000000e+03 3.000000000000000000e+00
2.053000000000000000e+03 3.000000000000000000e+00
2.269000000000000000e+03 3.000000000000000000e+00
2.377000000000000000e+03 3.000000000000000000e+00
2.485000000000000000e+03 3.000000000000000000e+00
2.593000000000000000e+03 3.000000000000000000e+00
2.701000000000000000e+03 3.000000000000000000e+00
